# Name=WP_011818222.1 phosphate ABC transporter substrate-binding protein PstS [Prochlorococcus marinus]
# pos	aa	label	Other	Sec/SPI n	Sec/SPI h	Sec/SPI c	Sec/SPII n	Sec/SPII h	Sec/SPII cys	Tat/SPI n	Tat/SPI RR	Tat/SPI h	Tat/SPI c	Tat/SPII n	Tat/SPII RR	Tat/SPII h	Tat/SPII cys	Sec/SPIII P	Sec/SPIII cons.	Sec/SPIII h
1	M	N	0.001159	0.998780	0.000000	0.000000	0.000039	0.000000	0.000000	0.000003	0.000000	0.000000	0.000000	0.000000	0.000000	0.000000	0.000000	0.000000	0.000000	0.000000
2	G	N	0.001159	0.995881	0.002909	0.000000	0.000038	0.000001	0.000000	0.000002	0.000001	0.000000	0.000000	0.000000	0.000000	0.000000	0.000000	0.000000	0.000000	0.000000
3	I	N	0.001159	0.765499	0.233295	0.000000	0.000027	0.000011	0.000000	0.000002	0.000000	0.000000	0.000000	0.000000	0.000000	0.000000	0.000000	0.000000	0.000000	0.000000
4	F	N	0.001159	0.702370	0.296412	0.000012	0.000024	0.000015	0.000000	0.000002	0.000000	0.000001	0.000000	0.000000	0.000000	0.000000	0.000000	0.000000	0.000000	0.000000
5	K	N	0.001163	0.665798	0.332966	0.000023	0.000022	0.000017	0.000000	0.000002	0.000001	0.000001	0.000000	0.000000	0.000000	0.000000	0.000000	0.000000	0.000000	0.000000
6	K	N	0.001173	0.588467	0.410290	0.000019	0.000018	0.000020	0.000000	0.000001	0.000001	0.000001	0.000000	0.000000	0.000000	0.000000	0.000000	0.000000	0.000000	0.000000
7	T	H	0.001187	0.044758	0.953996	0.000007	0.000003	0.000035	0.000000	0.000001	0.000000	0.000002	0.000000	0.000000	0.000000	0.000000	0.000000	0.000000	0.000000	0.000000
8	L	H	0.001192	0.003333	0.995418	0.000005	0.000001	0.000038	0.000000	0.000000	0.000000	0.000003	0.000000	0.000000	0.000000	0.000000	0.000000	0.000000	0.000000	0.000000
9	I	H	0.001194	0.000522	0.998216	0.000011	0.000000	0.000038	0.000000	0.000000	0.000000	0.000003	0.000000	0.000000	0.000000	0.000000	0.000000	0.000000	0.000000	0.000000
10	F	H	0.001199	0.000152	0.998559	0.000030	0.000000	0.000038	0.000000	0.000000	0.000000	0.000003	0.000000	0.000000	0.000000	0.000000	0.000000	0.000000	0.000000	0.000000
11	S	H	0.001208	0.000066	0.998582	0.000079	0.000000	0.000038	0.000000	0.000000	0.000000	0.000003	0.000000	0.000000	0.000000	0.000000	0.000000	0.000000	0.000000	0.000000
12	S	H	0.001228	0.000034	0.998521	0.000153	0.000000	0.000037	0.000000	0.000000	0.000000	0.000003	0.000000	0.000000	0.000000	0.000000	0.000000	0.000000	0.000000	0.000000
13	A	H	0.001259	0.000019	0.998376	0.000275	0.000000	0.000037	0.000001	0.000000	0.000000	0.000003	0.000000	0.000000	0.000000	0.000000	0.000000	0.000000	0.000000	0.000000
14	I	H	0.001296	0.000010	0.998110	0.000512	0.000000	0.000036	0.000001	0.000000	0.000000	0.000003	0.000000	0.000000	0.000000	0.000000	0.000000	0.000000	0.000000	0.000000
15	S	H	0.001338	0.000005	0.997562	0.001024	0.000000	0.000036	0.000000	0.000000	0.000000	0.000003	0.000000	0.000000	0.000000	0.000000	0.000000	0.000000	0.000000	0.000000
16	L	H	0.001402	0.000001	0.996816	0.001712	0.000000	0.000035	0.000001	0.000000	0.000000	0.000003	0.000000	0.000000	0.000000	0.000000	0.000000	0.000000	0.000000	0.000000
17	I	H	0.001424	0.000000	0.991144	0.007360	0.000000	0.000034	0.000001	0.000000	0.000000	0.000003	0.000000	0.000000	0.000000	0.000000	0.000000	0.000000	0.000000	0.000000
18	L	H	0.001444	0.000000	0.958329	0.040157	0.000000	0.000033	0.000001	0.000000	0.000000	0.000003	0.000000	0.000000	0.000000	0.000000	0.000000	0.000000	0.000000	0.000000
19	S	H	0.001460	0.000000	0.637864	0.360602	0.000000	0.000032	0.000001	0.000000	0.000000	0.000002	0.000001	0.000000	0.000000	0.000000	0.000000	0.000000	0.000000	0.000000
20	P	C	0.001543	0.000000	0.181487	0.816899	0.000000	0.000022	0.000010	0.000000	0.000000	0.000001	0.000002	0.000000	0.000000	0.000000	0.000000	0.000000	0.000000	0.000000
21	S	C	0.002155	0.000000	0.097510	0.900273	0.000000	0.000016	0.000007	0.000000	0.000000	0.000001	0.000002	0.000000	0.000000	0.000000	0.000000	0.000000	0.000000	0.000000
22	A	C	0.002597	0.000000	0.007478	0.989866	0.000000	0.000010	0.000005	0.000000	0.000000	0.000000	0.000003	0.000000	0.000000	0.000000	0.000000	0.000000	0.000000	0.000000
23	I	C	0.006255	0.000000	0.001033	0.992657	0.000000	0.000005	0.000006	0.000000	0.000000	0.000000	0.000003	0.000000	0.000000	0.000000	0.000000	0.000000	0.000000	0.000000
24	A	C	0.033355	0.000000	0.000062	0.966531	0.000000	0.000002	0.000003	0.000000	0.000000	0.000000	0.000003	0.000000	0.000000	0.000000	0.000000	0.000000	0.000000	0.000000
25	S	O	0.890661	0.000000	0.000053	0.109240	0.000000	0.000000	0.000001	0.000000	0.000000	0.000000	0.000001	0.000000	0.000000	0.000000	0.000000	0.000000	0.000000	0.000000
26	K	O	0.938001	0.000000	0.000036	0.061914	0.000000	0.000000	0.000000	0.000000	0.000000	0.000000	0.000000	0.000000	0.000000	0.000000	0.000000	0.000000	0.000000	0.000000
27	R	O	0.959106	0.000000	0.000024	0.040819	0.000000	0.000000	0.000000	0.000000	0.000000	0.000000	0.000000	0.000000	0.000000	0.000000	0.000000	0.000000	0.000000	0.000000
28	L	O	0.967210	0.000000	0.000016	0.032720	0.000000	0.000000	0.000000	0.000000	0.000000	0.000000	0.000000	0.000000	0.000000	0.000000	0.000000	0.000000	0.000000	0.000000
29	S	O	0.972442	0.000000	0.000008	0.027504	0.000000	0.000000	0.000000	0.000000	0.000000	0.000000	0.000000	0.000000	0.000000	0.000000	0.000000	0.000000	0.000000	0.000000
30	G	O	0.977416	0.000000	0.000004	0.022527	0.000000	0.000000	0.000000	0.000000	0.000000	0.000000	0.000000	0.000000	0.000000	0.000000	0.000000	0.000000	0.000000	0.000000
31	A	O	0.983057	0.000000	0.000002	0.016891	0.000000	0.000000	0.000000	0.000000	0.000000	0.000000	0.000000	0.000000	0.000000	0.000000	0.000000	0.000000	0.000000	0.000000
32	G	O	0.988599	0.000000	0.000001	0.011352	0.000000	0.000000	0.000000	0.000000	0.000000	0.000000	0.000000	0.000000	0.000000	0.000000	0.000000	0.000000	0.000000	0.000000
33	A	O	0.993473	0.000000	0.000001	0.006473	0.000000	0.000000	0.000000	0.000000	0.000000	0.000000	0.000000	0.000000	0.000000	0.000000	0.000000	0.000000	0.000000	0.000000
34	T	O	0.996438	0.000000	0.000000	0.003514	0.000000	0.000000	0.000000	0.000000	0.000000	0.000000	0.000000	0.000000	0.000000	0.000000	0.000000	0.000000	0.000000	0.000000
35	F	O	0.997721	0.000000	0.000000	0.002231	0.000000	0.000000	0.000000	0.000000	0.000000	0.000000	0.000000	0.000000	0.000000	0.000000	0.000000	0.000000	0.000000	0.000000
36	P	O	0.998602	0.000000	0.000000	0.001349	0.000000	0.000000	0.000000	0.000000	0.000000	0.000000	0.000000	0.000000	0.000000	0.000000	0.000000	0.000000	0.000000	0.000000
37	S	O	0.999195	0.000000	0.000000	0.000756	0.000000	0.000000	0.000000	0.000000	0.000000	0.000000	0.000000	0.000000	0.000000	0.000000	0.000000	0.000000	0.000000	0.000000
38	K	O	0.999516	0.000000	0.000000	0.000436	0.000000	0.000000	0.000000	0.000000	0.000000	0.000000	0.000000	0.000000	0.000000	0.000000	0.000000	0.000000	0.000000	0.000000
39	I	O	0.999712	0.000000	0.000000	0.000242	0.000000	0.000000	0.000000	0.000000	0.000000	0.000000	0.000000	0.000000	0.000000	0.000000	0.000000	0.000000	0.000000	0.000000
40	Y	O	0.999821	0.000000	0.000000	0.000141	0.000000	0.000000	0.000000	0.000000	0.000000	0.000000	0.000000	0.000000	0.000000	0.000000	0.000000	0.000000	0.000000	0.000000
41	T	O	0.999884	0.000000	0.000000	0.000081	0.000000	0.000000	0.000000	0.000000	0.000000	0.000000	0.000000	0.000000	0.000000	0.000000	0.000000	0.000000	0.000000	0.000000
42	R	O	0.999917	0.000000	0.000000	0.000047	0.000000	0.000000	0.000000	0.000000	0.000000	0.000000	0.000000	0.000000	0.000000	0.000000	0.000000	0.000000	0.000000	0.000000
43	W	O	0.999943	0.000000	0.000000	0.000024	0.000000	0.000000	0.000000	0.000000	0.000000	0.000000	0.000000	0.000000	0.000000	0.000000	0.000000	0.000000	0.000000	0.000000
44	F	O	0.999962	0.000000	0.000000	0.000013	0.000000	0.000000	0.000000	0.000000	0.000000	0.000000	0.000000	0.000000	0.000000	0.000000	0.000000	0.000000	0.000000	0.000000
45	F	O	0.999969	0.000000	0.000000	0.000007	0.000000	0.000000	0.000000	0.000000	0.000000	0.000000	0.000000	0.000000	0.000000	0.000000	0.000000	0.000000	0.000000	0.000000
46	D	O	0.999966	0.000000	0.000000	0.000004	0.000000	0.000000	0.000000	0.000000	0.000000	0.000000	0.000000	0.000000	0.000000	0.000000	0.000000	0.000000	0.000000	0.000000
47	L	O	0.999972	0.000000	0.000000	0.000002	0.000000	0.000000	0.000000	0.000000	0.000000	0.000000	0.000000	0.000000	0.000000	0.000000	0.000000	0.000000	0.000000	0.000000
48	A	O	0.999974	0.000000	0.000000	0.000001	0.000000	0.000000	0.000000	0.000000	0.000000	0.000000	0.000000	0.000000	0.000000	0.000000	0.000000	0.000000	0.000000	0.000000
49	K	O	0.999972	0.000000	0.000000	0.000001	0.000000	0.000000	0.000000	0.000000	0.000000	0.000000	0.000000	0.000000	0.000000	0.000000	0.000000	0.000000	0.000000	0.000000
50	S	O	0.999978	0.000000	0.000000	0.000000	0.000000	0.000000	0.000000	0.000000	0.000000	0.000000	0.000000	0.000000	0.000000	0.000000	0.000000	0.000000	0.000000	0.000000
51	G	O	0.999980	0.000000	0.000000	0.000000	0.000000	0.000000	0.000000	0.000000	0.000000	0.000000	0.000000	0.000000	0.000000	0.000000	0.000000	0.000000	0.000000	0.000000
52	G	O	0.999982	0.000000	0.000000	0.000000	0.000000	0.000000	0.000000	0.000000	0.000000	0.000000	0.000000	0.000000	0.000000	0.000000	0.000000	0.000000	0.000000	0.000000
53	P	O	0.999980	0.000000	0.000000	0.000000	0.000000	0.000000	0.000000	0.000000	0.000000	0.000000	0.000000	0.000000	0.000000	0.000000	0.000000	0.000000	0.000000	0.000000
54	R	O	0.999984	0.000000	0.000000	0.000000	0.000000	0.000000	0.000000	0.000000	0.000000	0.000000	0.000001	0.000000	0.000000	0.000000	0.000000	0.000000	0.000000	0.000000
55	V	O	0.999981	0.000000	0.000000	0.000000	0.000000	0.000000	0.000000	0.000000	0.000000	0.000000	0.000001	0.000000	0.000000	0.000000	0.000000	0.000000	0.000000	0.000000
56	N	O	0.999978	0.000000	0.000000	0.000000	0.000000	0.000000	0.000000	0.000000	0.000000	0.000001	0.000001	0.000000	0.000000	0.000000	0.000000	0.000000	0.000000	0.000000
57	Y	O	0.999978	0.000000	0.000000	0.000000	0.000000	0.000000	0.000001	0.000001	0.000000	0.000001	0.000002	0.000000	0.000000	0.000000	0.000000	0.000000	0.000000	0.000000
58	Q	O	0.999976	0.000000	0.000000	0.000000	0.000000	0.000001	0.000001	0.000001	0.000000	0.000001	0.000003	0.000000	0.000000	0.000000	0.000000	0.000000	0.000000	0.000000
59	A	O	0.999972	0.000000	0.000000	0.000000	0.000000	0.000001	0.000001	0.000001	0.000000	0.000002	0.000004	0.000000	0.000000	0.000000	0.000000	0.000000	0.000000	0.000000
60	V	O	0.999963	0.000000	0.000000	0.000000	0.000000	0.000001	0.000001	0.000002	0.000000	0.000003	0.000005	0.000000	0.000000	0.000000	0.000000	0.000000	0.000000	0.000000
61	G	O	0.999961	0.000000	0.000000	0.000000	0.000000	0.000001	0.000002	0.000002	0.000000	0.000003	0.000008	0.000000	0.000000	0.000000	0.000000	0.000000	0.000000	0.000000
62	S	O	0.999956	0.000000	0.000000	0.000000	0.000000	0.000001	0.000002	0.000003	0.000000	0.000004	0.000011	0.000000	0.000000	0.000000	0.000000	0.000000	0.000000	0.000000
63	G	O	0.999953	0.000000	0.000000	0.000000	0.000000	0.000001	0.000004	0.000004	0.000000	0.000006	0.000017	0.000000	0.000000	0.000000	0.000001	0.000001	0.000000	0.000000
64	S	O	0.999930	0.000000	0.000000	0.000000	0.000000	0.000002	0.000005	0.000006	0.000000	0.000008	0.000025	0.000000	0.000000	0.000000	0.000001	0.000001	0.000001	0.000001
65	G	O	0.999907	0.000000	0.000000	0.000000	0.000000	0.000002	0.000006	0.000007	0.000000	0.000012	0.000040	0.000000	0.000000	0.000001	0.000003	0.000002	0.000001	0.000002
66	R	O	0.999869	0.000000	0.000000	0.000000	0.000000	0.000003	0.000009	0.000008	0.000000	0.000018	0.000065	0.000000	0.000000	0.000001	0.000005	0.000003	0.000002	0.000003
67	K	O	0.999812	0.000000	0.000000	0.000000	0.000000	0.000004	0.000013	0.000008	0.000000	0.000025	0.000107	0.000000	0.000000	0.000003	0.000009	0.000004	0.000004	0.000006
68	A	O	0.999741	0.000000	0.000000	0.000000	0.000000	0.000005	0.000017	0.000000	0.000000	0.000034	0.000156	0.000000	0.000000	0.000006	0.000018	0.000000	0.000010	0.000009
69	F	O	0.999557	0.000000	0.000000	0.000000	0.000000	0.000000	0.000049	0.000000	0.000000	0.000000	0.000284	0.000000	0.000000	0.000000	0.000074	0.000000	0.000000	0.000034
70	I	O	1.000000	0.000000	0.000000	0.000000	0.000000	0.000000	0.000000	0.000000	0.000000	0.000000	0.000000	0.000000	0.000000	0.000000	0.000000	0.000000	0.000000	0.000000
