# Name=WP_011817753.1 murein biosynthesis integral membrane protein MurJ [Prochlorococcus marinus]
# pos	aa	label	Other	Sec/SPI n	Sec/SPI h	Sec/SPI c	Sec/SPII n	Sec/SPII h	Sec/SPII cys	Tat/SPI n	Tat/SPI RR	Tat/SPI h	Tat/SPI c	Tat/SPII n	Tat/SPII RR	Tat/SPII h	Tat/SPII cys	Sec/SPIII P	Sec/SPIII cons.	Sec/SPIII h
1	M	O	0.983274	0.015485	0.000000	0.000000	0.001095	0.000000	0.000000	0.000000	0.000000	0.000000	0.000000	0.000000	0.000000	0.000000	0.000000	0.000143	0.000000	0.000000
2	H	O	0.983272	0.013813	0.001672	0.000000	0.001051	0.000044	0.000000	0.000000	0.000000	0.000000	0.000000	0.000000	0.000000	0.000000	0.000000	0.000138	0.000005	0.000000
3	S	O	0.983277	0.011657	0.003483	0.000345	0.000982	0.000113	0.000000	0.000000	0.000000	0.000000	0.000000	0.000000	0.000000	0.000000	0.000000	0.000134	0.000006	0.000003
4	F	O	0.983347	0.009955	0.004513	0.000949	0.000914	0.000181	0.000001	0.000000	0.000000	0.000000	0.000000	0.000000	0.000000	0.000000	0.000000	0.000130	0.000005	0.000005
5	L	O	0.983570	0.008703	0.004896	0.001599	0.000847	0.000247	0.000002	0.000000	0.000000	0.000000	0.000000	0.000000	0.000000	0.000000	0.000000	0.000127	0.000005	0.000005
6	K	O	0.983966	0.007677	0.005022	0.002108	0.000779	0.000312	0.000002	0.000000	0.000000	0.000000	0.000000	0.000000	0.000000	0.000000	0.000000	0.000123	0.000005	0.000005
7	N	O	0.984460	0.006657	0.005143	0.002517	0.000690	0.000399	0.000002	0.000000	0.000000	0.000000	0.000000	0.000000	0.000000	0.000000	0.000000	0.000120	0.000005	0.000004
8	N	O	0.985077	0.005574	0.005462	0.002677	0.000585	0.000501	0.000002	0.000000	0.000000	0.000000	0.000000	0.000000	0.000000	0.000000	0.000000	0.000115	0.000006	0.000004
9	V	O	0.985799	0.004439	0.005976	0.002580	0.000476	0.000608	0.000002	0.000000	0.000000	0.000000	0.000000	0.000000	0.000000	0.000000	0.000000	0.000109	0.000009	0.000004
10	F	O	0.986560	0.003512	0.006300	0.002425	0.000386	0.000696	0.000002	0.000000	0.000000	0.000000	0.000000	0.000000	0.000000	0.000000	0.000000	0.000101	0.000012	0.000006
11	S	O	0.987370	0.002786	0.006444	0.002203	0.000308	0.000770	0.000003	0.000000	0.000000	0.000000	0.000000	0.000000	0.000000	0.000000	0.000000	0.000090	0.000017	0.000007
12	I	O	0.988216	0.002202	0.006514	0.001884	0.000244	0.000830	0.000004	0.000000	0.000000	0.000000	0.000000	0.000000	0.000000	0.000000	0.000000	0.000076	0.000023	0.000010
13	S	O	0.988893	0.001838	0.006218	0.001878	0.000199	0.000870	0.000005	0.000000	0.000000	0.000000	0.000000	0.000000	0.000000	0.000000	0.000000	0.000062	0.000027	0.000013
14	F	O	0.989602	0.001531	0.005937	0.001771	0.000160	0.000898	0.000011	0.000000	0.000000	0.000000	0.000000	0.000000	0.000000	0.000000	0.000000	0.000047	0.000031	0.000015
15	G	O	0.990222	0.001279	0.005540	0.001823	0.000124	0.000921	0.000012	0.000000	0.000000	0.000000	0.000000	0.000000	0.000000	0.000000	0.000000	0.000034	0.000030	0.000019
16	T	O	0.990880	0.001045	0.005190	0.001773	0.000099	0.000932	0.000016	0.000000	0.000000	0.000000	0.000000	0.000000	0.000000	0.000000	0.000000	0.000024	0.000027	0.000020
17	S	O	0.991394	0.000840	0.004692	0.001990	0.000076	0.000937	0.000017	0.000000	0.000000	0.000000	0.000000	0.000000	0.000000	0.000000	0.000000	0.000016	0.000022	0.000019
18	L	O	0.991988	0.000629	0.004235	0.002094	0.000055	0.000943	0.000015	0.000000	0.000000	0.000000	0.000000	0.000000	0.000000	0.000000	0.000000	0.000011	0.000018	0.000015
19	S	O	0.992475	0.000470	0.003534	0.002489	0.000038	0.000949	0.000011	0.000000	0.000000	0.000000	0.000000	0.000000	0.000000	0.000000	0.000000	0.000006	0.000014	0.000013
20	K	O	0.993040	0.000350	0.002835	0.002763	0.000027	0.000939	0.000021	0.000000	0.000000	0.000000	0.000000	0.000000	0.000000	0.000000	0.000000	0.000003	0.000010	0.000012
21	L	O	0.993709	0.000227	0.002352	0.002731	0.000014	0.000925	0.000027	0.000000	0.000000	0.000000	0.000000	0.000000	0.000000	0.000000	0.000000	0.000002	0.000006	0.000011
22	A	O	0.994300	0.000149	0.001783	0.002818	0.000009	0.000903	0.000027	0.000000	0.000000	0.000000	0.000000	0.000000	0.000000	0.000000	0.000000	0.000001	0.000004	0.000009
23	G	O	0.994758	0.000104	0.001257	0.002958	0.000007	0.000837	0.000069	0.000000	0.000000	0.000000	0.000000	0.000000	0.000000	0.000000	0.000000	0.000000	0.000002	0.000006
24	C	O	0.995749	0.000066	0.001069	0.002262	0.000004	0.000503	0.000337	0.000000	0.000000	0.000000	0.000000	0.000000	0.000000	0.000000	0.000000	0.000000	0.000001	0.000005
25	I	O	0.997100	0.000035	0.000979	0.001367	0.000002	0.000406	0.000099	0.000000	0.000000	0.000000	0.000000	0.000000	0.000000	0.000000	0.000000	0.000000	0.000001	0.000003
26	R	O	0.997784	0.000019	0.000884	0.000895	0.000001	0.000343	0.000064	0.000000	0.000000	0.000000	0.000000	0.000000	0.000000	0.000000	0.000000	0.000000	0.000000	0.000002
27	Q	O	0.998261	0.000008	0.000814	0.000564	0.000000	0.000315	0.000028	0.000000	0.000000	0.000000	0.000000	0.000000	0.000000	0.000000	0.000000	0.000000	0.000000	0.000001
28	I	O	0.998585	0.000003	0.000766	0.000318	0.000000	0.000294	0.000022	0.000000	0.000000	0.000000	0.000000	0.000000	0.000000	0.000000	0.000000	0.000000	0.000000	0.000001
29	F	O	0.998772	0.000001	0.000710	0.000213	0.000000	0.000275	0.000019	0.000000	0.000000	0.000000	0.000000	0.000000	0.000000	0.000000	0.000000	0.000000	0.000000	0.000000
30	I	O	0.998892	0.000000	0.000644	0.000178	0.000000	0.000255	0.000020	0.000000	0.000000	0.000000	0.000000	0.000000	0.000000	0.000000	0.000000	0.000000	0.000000	0.000000
31	A	O	0.998980	0.000000	0.000545	0.000200	0.000000	0.000226	0.000029	0.000000	0.000000	0.000000	0.000000	0.000000	0.000000	0.000000	0.000000	0.000000	0.000000	0.000000
32	A	O	0.999096	0.000000	0.000454	0.000204	0.000000	0.000182	0.000044	0.000000	0.000000	0.000000	0.000000	0.000000	0.000000	0.000000	0.000000	0.000000	0.000000	0.000000
33	A	O	0.999236	0.000000	0.000380	0.000180	0.000000	0.000146	0.000036	0.000000	0.000000	0.000000	0.000000	0.000000	0.000000	0.000000	0.000000	0.000000	0.000000	0.000000
34	F	O	0.999364	0.000000	0.000330	0.000136	0.000000	0.000111	0.000035	0.000000	0.000000	0.000000	0.000000	0.000000	0.000000	0.000000	0.000000	0.000000	0.000000	0.000000
35	G	O	0.999457	0.000000	0.000286	0.000115	0.000000	0.000087	0.000024	0.000000	0.000000	0.000000	0.000000	0.000000	0.000000	0.000000	0.000000	0.000000	0.000000	0.000000
36	V	O	0.999546	0.000000	0.000265	0.000071	0.000000	0.000062	0.000026	0.000000	0.000000	0.000000	0.000000	0.000000	0.000000	0.000000	0.000000	0.000000	0.000000	0.000000
37	G	O	0.999601	0.000000	0.000238	0.000067	0.000000	0.000045	0.000017	0.000000	0.000000	0.000000	0.000000	0.000000	0.000000	0.000000	0.000000	0.000000	0.000000	0.000000
38	V	O	0.999639	0.000000	0.000209	0.000071	0.000000	0.000031	0.000014	0.000000	0.000000	0.000000	0.000000	0.000000	0.000000	0.000000	0.000000	0.000000	0.000000	0.000000
39	T	O	0.999674	0.000000	0.000166	0.000095	0.000000	0.000022	0.000010	0.000000	0.000000	0.000000	0.000000	0.000000	0.000000	0.000000	0.000000	0.000000	0.000000	0.000000
40	Y	O	0.999708	0.000000	0.000126	0.000110	0.000001	0.000016	0.000007	0.000000	0.000000	0.000000	0.000000	0.000000	0.000000	0.000000	0.000000	0.000000	0.000000	0.000000
41	D	O	0.999747	0.000000	0.000092	0.000114	0.000001	0.000012	0.000005	0.000000	0.000000	0.000000	0.000000	0.000000	0.000000	0.000000	0.000000	0.000000	0.000000	0.000000
42	A	O	0.999784	0.000000	0.000070	0.000101	0.000001	0.000009	0.000004	0.000000	0.000000	0.000000	0.000000	0.000000	0.000000	0.000000	0.000000	0.000000	0.000000	0.000000
43	F	O	0.999819	0.000000	0.000052	0.000090	0.000001	0.000008	0.000003	0.000000	0.000000	0.000000	0.000000	0.000000	0.000000	0.000000	0.000000	0.000000	0.000000	0.000000
44	N	O	0.999851	0.000000	0.000038	0.000074	0.000001	0.000006	0.000003	0.000000	0.000000	0.000000	0.000000	0.000000	0.000000	0.000000	0.000000	0.000000	0.000000	0.000000
45	Y	O	0.999884	0.000000	0.000032	0.000049	0.000001	0.000006	0.000002	0.000000	0.000000	0.000000	0.000000	0.000000	0.000000	0.000000	0.000000	0.000000	0.000000	0.000000
46	A	O	0.999910	0.000000	0.000030	0.000025	0.000001	0.000006	0.000002	0.000000	0.000000	0.000000	0.000000	0.000000	0.000000	0.000000	0.000000	0.000000	0.000000	0.000000
47	Y	O	0.999932	0.000000	0.000028	0.000009	0.000001	0.000006	0.000002	0.000000	0.000000	0.000000	0.000000	0.000000	0.000000	0.000000	0.000000	0.000000	0.000000	0.000001
48	I	O	0.999937	0.000000	0.000028	0.000003	0.000000	0.000006	0.000002	0.000000	0.000000	0.000000	0.000000	0.000000	0.000000	0.000000	0.000000	0.000000	0.000000	0.000001
49	I	O	0.999941	0.000000	0.000027	0.000002	0.000001	0.000006	0.000002	0.000000	0.000000	0.000000	0.000000	0.000000	0.000000	0.000000	0.000000	0.000000	0.000000	0.000001
50	P	O	0.999944	0.000000	0.000026	0.000002	0.000001	0.000006	0.000003	0.000000	0.000000	0.000000	0.000000	0.000000	0.000000	0.000000	0.000000	0.000000	0.000000	0.000001
51	G	O	0.999949	0.000000	0.000025	0.000002	0.000001	0.000007	0.000002	0.000000	0.000000	0.000000	0.000000	0.000000	0.000000	0.000000	0.000000	0.000000	0.000000	0.000001
52	F	O	0.999948	0.000000	0.000024	0.000002	0.000001	0.000008	0.000003	0.000000	0.000000	0.000000	0.000000	0.000000	0.000000	0.000000	0.000000	0.000000	0.000000	0.000001
53	L	O	0.999947	0.000000	0.000023	0.000001	0.000002	0.000010	0.000003	0.000000	0.000000	0.000000	0.000000	0.000000	0.000000	0.000000	0.000000	0.000000	0.000000	0.000001
54	L	O	0.999945	0.000000	0.000022	0.000001	0.000002	0.000013	0.000003	0.000000	0.000000	0.000000	0.000000	0.000000	0.000000	0.000000	0.000000	0.000000	0.000000	0.000001
55	I	O	0.999942	0.000000	0.000021	0.000001	0.000003	0.000018	0.000003	0.000000	0.000000	0.000000	0.000000	0.000000	0.000000	0.000000	0.000000	0.000000	0.000000	0.000001
56	I	O	0.999936	0.000000	0.000020	0.000001	0.000004	0.000024	0.000005	0.000001	0.000000	0.000000	0.000000	0.000000	0.000000	0.000000	0.000000	0.000000	0.000001	0.000001
57	I	O	0.999920	0.000000	0.000019	0.000002	0.000005	0.000032	0.000008	0.000001	0.000000	0.000001	0.000000	0.000000	0.000000	0.000001	0.000000	0.000000	0.000001	0.000002
58	G	O	0.999900	0.000000	0.000017	0.000003	0.000008	0.000044	0.000010	0.000002	0.000001	0.000002	0.000001	0.000000	0.000000	0.000002	0.000001	0.000001	0.000001	0.000003
59	G	O	0.999875	0.000000	0.000014	0.000005	0.000010	0.000059	0.000012	0.000004	0.000001	0.000003	0.000001	0.000001	0.000000	0.000002	0.000001	0.000001	0.000002	0.000004
60	I	O	0.999845	0.000000	0.000012	0.000006	0.000012	0.000069	0.000022	0.000005	0.000002	0.000005	0.000002	0.000001	0.000000	0.000004	0.000002	0.000002	0.000003	0.000006
61	N	O	0.999812	0.000000	0.000008	0.000008	0.000015	0.000081	0.000025	0.000009	0.000002	0.000008	0.000005	0.000001	0.000001	0.000005	0.000003	0.000005	0.000005	0.000007
62	G	O	0.999774	0.000000	0.000005	0.000008	0.000014	0.000100	0.000024	0.000010	0.000002	0.000013	0.000009	0.000002	0.000001	0.000007	0.000004	0.000008	0.000010	0.000008
63	P	O	0.999727	0.000000	0.000003	0.000008	0.000012	0.000109	0.000040	0.000014	0.000002	0.000018	0.000014	0.000002	0.000001	0.000009	0.000006	0.000008	0.000019	0.000013
64	L	O	0.999698	0.000000	0.000002	0.000006	0.000007	0.000110	0.000044	0.000011	0.000003	0.000026	0.000019	0.000001	0.000000	0.000012	0.000006	0.000007	0.000026	0.000021
65	H	O	0.999650	0.000000	0.000001	0.000006	0.000006	0.000097	0.000066	0.000010	0.000003	0.000029	0.000033	0.000001	0.000000	0.000015	0.000009	0.000009	0.000028	0.000034
66	N	O	0.999633	0.000000	0.000000	0.000005	0.000004	0.000084	0.000065	0.000011	0.000002	0.000024	0.000055	0.000001	0.000000	0.000016	0.000012	0.000015	0.000030	0.000043
67	A	O	0.999666	0.000000	0.000000	0.000002	0.000000	0.000068	0.000055	0.000008	0.000000	0.000025	0.000051	0.000000	0.000000	0.000016	0.000013	0.000009	0.000041	0.000045
68	V	O	0.999691	0.000000	0.000000	0.000001	0.000000	0.000036	0.000065	0.000000	0.000000	0.000022	0.000052	0.000000	0.000000	0.000013	0.000018	0.000000	0.000030	0.000067
69	V	O	0.999758	0.000000	0.000000	0.000000	0.000000	0.000000	0.000064	0.000000	0.000000	0.000000	0.000067	0.000000	0.000000	0.000000	0.000037	0.000000	0.000000	0.000072
70	A	O	0.999997	0.000000	0.000000	0.000000	0.000000	0.000000	0.000000	0.000000	0.000000	0.000000	0.000000	0.000000	0.000000	0.000000	0.000000	0.000000	0.000000	0.000000
