# Name=WP_011818542.1 MULTISPECIES: MAPEG family protein [Prochlorococcus]
# pos	aa	label	Other	Sec/SPI n	Sec/SPI h	Sec/SPI c	Sec/SPII n	Sec/SPII h	Sec/SPII cys	Tat/SPI n	Tat/SPI RR	Tat/SPI h	Tat/SPI c	Tat/SPII n	Tat/SPII RR	Tat/SPII h	Tat/SPII cys	Sec/SPIII P	Sec/SPIII cons.	Sec/SPIII h
1	M	N	0.236479	0.763411	0.000000	0.000000	0.000056	0.000000	0.000000	0.000000	0.000000	0.000000	0.000000	0.000000	0.000000	0.000000	0.000000	0.000021	0.000000	0.000000
2	Q	N	0.236479	0.724788	0.038621	0.000000	0.000049	0.000007	0.000000	0.000000	0.000000	0.000000	0.000000	0.000000	0.000000	0.000000	0.000000	0.000017	0.000003	0.000000
3	V	H	0.236480	0.477803	0.285595	0.000011	0.000027	0.000029	0.000000	0.000000	0.000000	0.000000	0.000000	0.000000	0.000000	0.000000	0.000000	0.000012	0.000007	0.000001
4	A	H	0.236485	0.318502	0.444825	0.000078	0.000015	0.000040	0.000000	0.000000	0.000000	0.000000	0.000000	0.000000	0.000000	0.000000	0.000000	0.000007	0.000011	0.000003
5	F	H	0.236522	0.160802	0.602472	0.000096	0.000007	0.000048	0.000001	0.000000	0.000000	0.000000	0.000000	0.000000	0.000000	0.000000	0.000000	0.000002	0.000011	0.000005
6	A	H	0.236568	0.067414	0.695794	0.000113	0.000003	0.000050	0.000002	0.000000	0.000000	0.000000	0.000000	0.000000	0.000000	0.000000	0.000000	0.000001	0.000007	0.000008
7	W	H	0.236637	0.020950	0.742219	0.000091	0.000001	0.000049	0.000003	0.000000	0.000000	0.000000	0.000000	0.000000	0.000000	0.000000	0.000000	0.000000	0.000004	0.000010
8	S	H	0.236690	0.005336	0.757777	0.000094	0.000000	0.000047	0.000003	0.000000	0.000000	0.000000	0.000000	0.000000	0.000000	0.000000	0.000000	0.000000	0.000001	0.000011
9	L	H	0.236749	0.001100	0.761956	0.000089	0.000000	0.000043	0.000004	0.000000	0.000000	0.000000	0.000000	0.000000	0.000000	0.000000	0.000000	0.000000	0.000001	0.000011
10	C	H	0.236802	0.000236	0.762748	0.000116	0.000000	0.000039	0.000004	0.000000	0.000000	0.000000	0.000000	0.000000	0.000000	0.000000	0.000000	0.000000	0.000000	0.000010
11	L	H	0.236869	0.000049	0.762841	0.000151	0.000000	0.000034	0.000004	0.000000	0.000000	0.000000	0.000000	0.000000	0.000000	0.000000	0.000000	0.000000	0.000000	0.000009
12	S	H	0.236950	0.000011	0.762724	0.000231	0.000000	0.000030	0.000004	0.000000	0.000000	0.000000	0.000000	0.000000	0.000000	0.000000	0.000000	0.000000	0.000000	0.000008
13	V	H	0.237071	0.000002	0.762538	0.000314	0.000000	0.000026	0.000004	0.000000	0.000000	0.000000	0.000000	0.000000	0.000000	0.000000	0.000000	0.000000	0.000000	0.000007
14	G	H	0.237231	0.000001	0.762247	0.000449	0.000000	0.000022	0.000004	0.000000	0.000000	0.000000	0.000000	0.000000	0.000000	0.000000	0.000000	0.000000	0.000000	0.000006
15	V	H	0.237448	0.000000	0.761846	0.000637	0.000000	0.000019	0.000003	0.000000	0.000000	0.000000	0.000000	0.000000	0.000000	0.000000	0.000000	0.000000	0.000000	0.000005
16	V	H	0.237736	0.000000	0.761224	0.000976	0.000000	0.000017	0.000003	0.000000	0.000000	0.000000	0.000000	0.000000	0.000000	0.000000	0.000000	0.000000	0.000000	0.000005
17	L	H	0.238149	0.000000	0.760261	0.001528	0.000000	0.000014	0.000002	0.000000	0.000000	0.000000	0.000000	0.000000	0.000000	0.000000	0.000000	0.000000	0.000000	0.000004
18	L	H	0.238660	0.000000	0.758534	0.002746	0.000000	0.000012	0.000002	0.000000	0.000000	0.000000	0.000000	0.000000	0.000000	0.000000	0.000000	0.000000	0.000000	0.000004
19	S	H	0.239288	0.000000	0.754794	0.005860	0.000000	0.000011	0.000002	0.000000	0.000000	0.000000	0.000000	0.000000	0.000000	0.000000	0.000000	0.000000	0.000000	0.000003
20	I	H	0.240174	0.000000	0.747384	0.012387	0.000000	0.000009	0.000001	0.000000	0.000000	0.000000	0.000000	0.000000	0.000000	0.000000	0.000000	0.000000	0.000000	0.000003
21	I	H	0.241302	0.000000	0.731158	0.027487	0.000000	0.000008	0.000001	0.000000	0.000000	0.000000	0.000000	0.000000	0.000000	0.000000	0.000000	0.000000	0.000000	0.000003
22	P	H	0.242694	0.000000	0.688622	0.068634	0.000000	0.000007	0.000001	0.000000	0.000000	0.000000	0.000000	0.000000	0.000000	0.000000	0.000000	0.000000	0.000000	0.000002
23	L	H	0.244900	0.000000	0.602077	0.152974	0.000000	0.000006	0.000001	0.000000	0.000000	0.000000	0.000000	0.000000	0.000000	0.000000	0.000000	0.000000	0.000000	0.000002
24	T	C	0.247259	0.000000	0.342183	0.410509	0.000000	0.000005	0.000001	0.000000	0.000000	0.000000	0.000000	0.000000	0.000000	0.000000	0.000000	0.000000	0.000000	0.000002
25	I	C	0.255080	0.000000	0.159091	0.585783	0.000000	0.000004	0.000001	0.000000	0.000000	0.000000	0.000000	0.000000	0.000000	0.000000	0.000000	0.000000	0.000000	0.000001
26	G	C	0.274610	0.000000	0.050802	0.674541	0.000000	0.000002	0.000001	0.000000	0.000000	0.000000	0.000000	0.000000	0.000000	0.000000	0.000000	0.000000	0.000000	0.000001
27	R	C	0.424868	0.000000	0.031992	0.543094	0.000000	0.000000	0.000002	0.000000	0.000000	0.000000	0.000000	0.000000	0.000000	0.000000	0.000000	0.000000	0.000000	0.000000
28	V	C	0.497014	0.000000	0.017985	0.484958	0.000000	0.000000	0.000000	0.000000	0.000000	0.000000	0.000000	0.000000	0.000000	0.000000	0.000000	0.000000	0.000000	0.000000
29	K	C	0.559067	0.000000	0.007734	0.433157	0.000000	0.000000	0.000000	0.000000	0.000000	0.000000	0.000000	0.000000	0.000000	0.000000	0.000000	0.000000	0.000000	0.000000
30	A	C	0.620083	0.000000	0.002321	0.377556	0.000000	0.000000	0.000000	0.000000	0.000000	0.000000	0.000000	0.000000	0.000000	0.000000	0.000000	0.000000	0.000000	0.000000
31	G	O	0.807681	0.000000	0.001630	0.190650	0.000000	0.000000	0.000000	0.000000	0.000000	0.000000	0.000000	0.000000	0.000000	0.000000	0.000000	0.000000	0.000000	0.000000
32	Y	O	0.872692	0.000000	0.001083	0.126184	0.000000	0.000000	0.000000	0.000000	0.000000	0.000000	0.000000	0.000000	0.000000	0.000000	0.000000	0.000000	0.000000	0.000000
33	S	O	0.913725	0.000000	0.000707	0.085526	0.000000	0.000000	0.000000	0.000000	0.000000	0.000000	0.000000	0.000000	0.000000	0.000000	0.000000	0.000000	0.000000	0.000000
34	V	O	0.941393	0.000000	0.000474	0.058090	0.000000	0.000000	0.000000	0.000000	0.000000	0.000000	0.000000	0.000000	0.000000	0.000000	0.000000	0.000000	0.000000	0.000000
35	E	O	0.959750	0.000000	0.000303	0.039909	0.000000	0.000000	0.000000	0.000000	0.000000	0.000000	0.000000	0.000000	0.000000	0.000000	0.000000	0.000000	0.000000	0.000000
36	N	O	0.972220	0.000000	0.000195	0.027549	0.000000	0.000000	0.000000	0.000000	0.000000	0.000000	0.000000	0.000000	0.000000	0.000000	0.000000	0.000000	0.000000	0.000000
37	M	O	0.980489	0.000000	0.000129	0.019346	0.000000	0.000000	0.000000	0.000000	0.000000	0.000000	0.000000	0.000000	0.000000	0.000000	0.000000	0.000000	0.000000	0.000000
38	S	O	0.986029	0.000000	0.000083	0.013851	0.000000	0.000000	0.000000	0.000000	0.000000	0.000000	0.000000	0.000000	0.000000	0.000000	0.000000	0.000000	0.000000	0.000000
39	A	O	0.989861	0.000000	0.000054	0.010051	0.000000	0.000000	0.000000	0.000000	0.000000	0.000000	0.000000	0.000000	0.000000	0.000000	0.000000	0.000000	0.000000	0.000000
40	P	O	0.992621	0.000000	0.000034	0.007308	0.000000	0.000000	0.000000	0.000000	0.000000	0.000000	0.000000	0.000000	0.000000	0.000000	0.000000	0.000000	0.000000	0.000000
41	R	O	0.994751	0.000000	0.000022	0.005190	0.000000	0.000000	0.000000	0.000000	0.000000	0.000000	0.000000	0.000000	0.000000	0.000000	0.000000	0.000000	0.000000	0.000000
42	A	O	0.996284	0.000000	0.000014	0.003669	0.000000	0.000000	0.000000	0.000000	0.000000	0.000000	0.000000	0.000000	0.000000	0.000000	0.000000	0.000000	0.000000	0.000000
43	L	O	0.997390	0.000000	0.000008	0.002568	0.000000	0.000000	0.000000	0.000000	0.000000	0.000000	0.000001	0.000000	0.000000	0.000000	0.000000	0.000000	0.000000	0.000000
44	F	O	0.998230	0.000000	0.000005	0.001733	0.000000	0.000000	0.000000	0.000000	0.000000	0.000000	0.000001	0.000000	0.000000	0.000000	0.000000	0.000000	0.000000	0.000000
45	D	O	0.998851	0.000000	0.000003	0.001116	0.000000	0.000000	0.000000	0.000000	0.000000	0.000000	0.000001	0.000000	0.000000	0.000000	0.000000	0.000000	0.000000	0.000000
46	E	O	0.999269	0.000000	0.000002	0.000701	0.000000	0.000001	0.000000	0.000001	0.000000	0.000001	0.000001	0.000000	0.000000	0.000000	0.000000	0.000001	0.000000	0.000000
47	L	O	0.999524	0.000000	0.000001	0.000443	0.000000	0.000001	0.000000	0.000001	0.000000	0.000001	0.000001	0.000000	0.000000	0.000000	0.000000	0.000001	0.000000	0.000000
48	P	O	0.999686	0.000000	0.000001	0.000280	0.000000	0.000001	0.000001	0.000001	0.000000	0.000001	0.000002	0.000000	0.000000	0.000000	0.000000	0.000001	0.000000	0.000000
49	S	O	0.999792	0.000000	0.000000	0.000176	0.000000	0.000001	0.000001	0.000001	0.000000	0.000001	0.000002	0.000000	0.000000	0.000000	0.000000	0.000001	0.000001	0.000001
50	F	O	0.999859	0.000000	0.000000	0.000109	0.000001	0.000001	0.000001	0.000002	0.000000	0.000002	0.000003	0.000000	0.000000	0.000000	0.000000	0.000001	0.000001	0.000001
51	G	O	0.999896	0.000000	0.000000	0.000067	0.000001	0.000001	0.000001	0.000002	0.000000	0.000002	0.000004	0.000000	0.000000	0.000000	0.000000	0.000002	0.000001	0.000001
52	K	O	0.999922	0.000000	0.000000	0.000039	0.000001	0.000002	0.000001	0.000002	0.000000	0.000002	0.000004	0.000000	0.000000	0.000000	0.000000	0.000002	0.000001	0.000001
53	R	O	0.999936	0.000000	0.000000	0.000022	0.000001	0.000002	0.000002	0.000003	0.000000	0.000003	0.000006	0.000000	0.000000	0.000000	0.000000	0.000003	0.000001	0.000002
54	A	O	0.999941	0.000000	0.000000	0.000012	0.000001	0.000002	0.000002	0.000004	0.000000	0.000004	0.000007	0.000000	0.000000	0.000000	0.000001	0.000004	0.000002	0.000002
55	V	O	0.999937	0.000000	0.000000	0.000007	0.000002	0.000003	0.000003	0.000005	0.000001	0.000006	0.000009	0.000000	0.000000	0.000000	0.000001	0.000005	0.000002	0.000003
56	W	O	0.999934	0.000000	0.000000	0.000004	0.000002	0.000004	0.000003	0.000007	0.000001	0.000007	0.000012	0.000000	0.000000	0.000001	0.000001	0.000006	0.000003	0.000003
57	C	O	0.999919	0.000000	0.000000	0.000002	0.000002	0.000005	0.000004	0.000009	0.000001	0.000010	0.000017	0.000000	0.000000	0.000001	0.000002	0.000009	0.000004	0.000004
58	H	O	0.999896	0.000000	0.000000	0.000001	0.000003	0.000006	0.000006	0.000013	0.000002	0.000012	0.000022	0.000000	0.000000	0.000001	0.000002	0.000012	0.000005	0.000006
59	Q	O	0.999868	0.000000	0.000000	0.000001	0.000004	0.000007	0.000008	0.000018	0.000002	0.000017	0.000030	0.000000	0.000000	0.000002	0.000004	0.000017	0.000007	0.000008
60	N	O	0.999816	0.000000	0.000000	0.000000	0.000006	0.000010	0.000010	0.000028	0.000003	0.000025	0.000041	0.000001	0.000000	0.000003	0.000005	0.000024	0.000010	0.000011
61	C	O	0.999735	0.000000	0.000000	0.000000	0.000008	0.000013	0.000014	0.000042	0.000004	0.000037	0.000063	0.000001	0.000000	0.000004	0.000009	0.000035	0.000015	0.000017
62	W	O	0.999623	0.000000	0.000000	0.000000	0.000011	0.000019	0.000018	0.000060	0.000006	0.000057	0.000091	0.000001	0.000000	0.000006	0.000013	0.000050	0.000022	0.000024
63	E	O	0.999444	0.000000	0.000000	0.000000	0.000014	0.000027	0.000025	0.000085	0.000008	0.000084	0.000140	0.000002	0.000001	0.000010	0.000021	0.000071	0.000031	0.000036
64	S	O	0.999189	0.000000	0.000000	0.000000	0.000016	0.000040	0.000036	0.000119	0.000009	0.000128	0.000213	0.000003	0.000000	0.000016	0.000034	0.000097	0.000048	0.000053
65	I	O	0.998875	0.000000	0.000000	0.000000	0.000015	0.000056	0.000049	0.000134	0.000009	0.000194	0.000322	0.000003	0.000000	0.000025	0.000052	0.000115	0.000076	0.000078
66	S	O	0.998475	0.000000	0.000000	0.000000	0.000009	0.000073	0.000071	0.000139	0.000005	0.000249	0.000507	0.000002	0.000000	0.000037	0.000083	0.000122	0.000107	0.000122
67	L	O	0.998148	0.000000	0.000000	0.000000	0.000000	0.000081	0.000099	0.000081	0.000000	0.000304	0.000698	0.000000	0.000000	0.000049	0.000128	0.000089	0.000146	0.000175
68	H	O	0.997890	0.000000	0.000000	0.000000	0.000000	0.000068	0.000154	0.000000	0.000000	0.000238	0.000973	0.000000	0.000000	0.000056	0.000197	0.000000	0.000173	0.000249
69	A	O	0.997704	0.000000	0.000000	0.000000	0.000000	0.000000	0.000296	0.000000	0.000000	0.000000	0.001149	0.000000	0.000000	0.000000	0.000436	0.000000	0.000000	0.000413
70	P	O	1.000000	0.000000	0.000000	0.000000	0.000000	0.000000	0.000000	0.000000	0.000000	0.000000	0.000000	0.000000	0.000000	0.000000	0.000000	0.000000	0.000000	0.000000
