# Name=WP_011818331.1 urease accessory protein UreF [Prochlorococcus marinus]
# pos	aa	label	Other	Sec/SPI n	Sec/SPI h	Sec/SPI c	Sec/SPII n	Sec/SPII h	Sec/SPII cys	Tat/SPI n	Tat/SPI RR	Tat/SPI h	Tat/SPI c	Tat/SPII n	Tat/SPII RR	Tat/SPII h	Tat/SPII cys	Sec/SPIII P	Sec/SPIII cons.	Sec/SPIII h
1	M	O	0.907823	0.092111	0.000000	0.000000	0.000067	0.000000	0.000000	0.000000	0.000000	0.000000	0.000000	0.000000	0.000000	0.000000	0.000000	0.000001	0.000000	0.000000
2	S	O	0.907828	0.087716	0.004395	0.000000	0.000063	0.000004	0.000000	0.000000	0.000000	0.000000	0.000000	0.000000	0.000000	0.000000	0.000000	0.000001	0.000000	0.000000
3	K	O	0.907832	0.079943	0.012132	0.000037	0.000058	0.000008	0.000000	0.000000	0.000000	0.000000	0.000000	0.000000	0.000000	0.000000	0.000000	0.000001	0.000000	0.000000
4	S	O	0.907846	0.069230	0.022776	0.000098	0.000051	0.000015	0.000000	0.000000	0.000000	0.000000	0.000000	0.000000	0.000000	0.000000	0.000000	0.000001	0.000000	0.000000
5	H	O	0.907867	0.057596	0.034305	0.000182	0.000045	0.000021	0.000000	0.000000	0.000000	0.000000	0.000000	0.000000	0.000000	0.000000	0.000000	0.000001	0.000000	0.000000
6	L	O	0.907897	0.044927	0.046848	0.000275	0.000037	0.000029	0.000001	0.000000	0.000000	0.000000	0.000000	0.000000	0.000000	0.000000	0.000000	0.000000	0.000000	0.000000
7	L	O	0.907944	0.033462	0.058141	0.000403	0.000029	0.000035	0.000001	0.000000	0.000000	0.000000	0.000000	0.000000	0.000000	0.000000	0.000000	0.000000	0.000000	0.000000
8	K	O	0.908007	0.022963	0.068415	0.000575	0.000023	0.000041	0.000001	0.000000	0.000000	0.000000	0.000000	0.000000	0.000000	0.000000	0.000000	0.000000	0.000000	0.000000
9	Y	O	0.908089	0.013027	0.078098	0.000746	0.000015	0.000047	0.000001	0.000000	0.000000	0.000000	0.000000	0.000000	0.000000	0.000000	0.000000	0.000000	0.000000	0.000000
10	L	O	0.908185	0.006032	0.084729	0.001013	0.000009	0.000052	0.000001	0.000000	0.000000	0.000000	0.000000	0.000000	0.000000	0.000000	0.000000	0.000000	0.000000	0.000000
11	L	O	0.908272	0.002823	0.087043	0.001821	0.000005	0.000055	0.000001	0.000000	0.000000	0.000000	0.000000	0.000000	0.000000	0.000000	0.000000	0.000000	0.000000	0.000000
12	I	O	0.908366	0.001447	0.085992	0.004157	0.000003	0.000055	0.000002	0.000000	0.000000	0.000000	0.000000	0.000000	0.000000	0.000000	0.000000	0.000000	0.000000	0.000000
13	S	O	0.908489	0.000873	0.080372	0.010228	0.000002	0.000054	0.000003	0.000000	0.000000	0.000000	0.000000	0.000000	0.000000	0.000000	0.000000	0.000000	0.000000	0.000000
14	P	O	0.908766	0.000516	0.072023	0.018663	0.000001	0.000050	0.000005	0.000000	0.000000	0.000000	0.000000	0.000000	0.000000	0.000000	0.000000	0.000000	0.000000	0.000000
15	N	O	0.909234	0.000284	0.061826	0.028623	0.000001	0.000046	0.000004	0.000000	0.000000	0.000000	0.000000	0.000000	0.000000	0.000000	0.000000	0.000000	0.000000	0.000000
16	L	O	0.909860	0.000127	0.050158	0.039834	0.000000	0.000042	0.000005	0.000000	0.000000	0.000000	0.000000	0.000000	0.000000	0.000000	0.000000	0.000000	0.000000	0.000000
17	P	O	0.910476	0.000075	0.028850	0.060578	0.000000	0.000038	0.000004	0.000000	0.000000	0.000000	0.000000	0.000000	0.000000	0.000000	0.000000	0.000000	0.000000	0.000000
18	V	O	0.912345	0.000047	0.015885	0.071704	0.000000	0.000032	0.000007	0.000000	0.000000	0.000000	0.000000	0.000000	0.000000	0.000000	0.000000	0.000000	0.000000	0.000000
19	G	O	0.915982	0.000037	0.006449	0.077518	0.000000	0.000023	0.000009	0.000000	0.000000	0.000000	0.000000	0.000000	0.000000	0.000000	0.000000	0.000000	0.000000	0.000000
20	G	O	0.927432	0.000029	0.003199	0.069339	0.000000	0.000012	0.000011	0.000000	0.000000	0.000000	0.000000	0.000000	0.000000	0.000000	0.000000	0.000000	0.000000	0.000000
21	F	O	0.951804	0.000021	0.002247	0.045935	0.000000	0.000006	0.000006	0.000000	0.000000	0.000000	0.000000	0.000000	0.000000	0.000000	0.000000	0.000000	0.000000	0.000000
22	C	O	0.965246	0.000016	0.001447	0.033308	0.000000	0.000004	0.000002	0.000000	0.000000	0.000000	0.000000	0.000000	0.000000	0.000000	0.000000	0.000000	0.000000	0.000000
23	Y	O	0.975708	0.000012	0.000929	0.023373	0.000000	0.000002	0.000002	0.000000	0.000000	0.000000	0.000000	0.000000	0.000000	0.000000	0.000000	0.000000	0.000000	0.000000
24	S	O	0.982953	0.000010	0.000559	0.016502	0.000000	0.000001	0.000001	0.000000	0.000000	0.000000	0.000000	0.000000	0.000000	0.000000	0.000000	0.000000	0.000000	0.000000
25	E	O	0.988583	0.000008	0.000351	0.011083	0.000000	0.000001	0.000001	0.000000	0.000000	0.000000	0.000000	0.000000	0.000000	0.000000	0.000000	0.000000	0.000000	0.000000
26	G	O	0.992105	0.000006	0.000218	0.007695	0.000000	0.000000	0.000000	0.000000	0.000000	0.000000	0.000000	0.000000	0.000000	0.000000	0.000000	0.000000	0.000000	0.000000
27	M	O	0.994865	0.000005	0.000147	0.005013	0.000000	0.000000	0.000000	0.000000	0.000000	0.000000	0.000000	0.000000	0.000000	0.000000	0.000000	0.000000	0.000000	0.000000
28	E	O	0.996475	0.000004	0.000098	0.003449	0.000000	0.000000	0.000000	0.000000	0.000000	0.000000	0.000000	0.000000	0.000000	0.000000	0.000000	0.000000	0.000000	0.000000
29	S	O	0.997517	0.000003	0.000067	0.002444	0.000000	0.000000	0.000000	0.000000	0.000000	0.000000	0.000000	0.000000	0.000000	0.000000	0.000000	0.000000	0.000000	0.000000
30	Y	O	0.998242	0.000002	0.000046	0.001738	0.000000	0.000000	0.000000	0.000000	0.000000	0.000000	0.000000	0.000000	0.000000	0.000000	0.000000	0.000000	0.000000	0.000000
31	L	O	0.998706	0.000002	0.000030	0.001288	0.000000	0.000000	0.000000	0.000000	0.000000	0.000000	0.000000	0.000000	0.000000	0.000000	0.000000	0.000000	0.000000	0.000000
32	H	O	0.999043	0.000001	0.000019	0.000967	0.000000	0.000000	0.000000	0.000000	0.000000	0.000000	0.000000	0.000000	0.000000	0.000000	0.000000	0.000000	0.000000	0.000000
33	N	O	0.999293	0.000001	0.000012	0.000723	0.000000	0.000000	0.000000	0.000000	0.000000	0.000000	0.000000	0.000000	0.000000	0.000000	0.000000	0.000000	0.000000	0.000000
34	K	O	0.999490	0.000001	0.000008	0.000528	0.000000	0.000000	0.000000	0.000000	0.000000	0.000000	0.000000	0.000000	0.000000	0.000000	0.000000	0.000000	0.000000	0.000000
35	N	O	0.999635	0.000001	0.000005	0.000385	0.000000	0.000000	0.000000	0.000000	0.000000	0.000000	0.000000	0.000000	0.000000	0.000000	0.000000	0.000000	0.000000	0.000000
36	L	O	0.999748	0.000000	0.000003	0.000276	0.000000	0.000000	0.000000	0.000000	0.000000	0.000000	0.000000	0.000000	0.000000	0.000000	0.000000	0.000000	0.000000	0.000000
37	I	O	0.999831	0.000000	0.000002	0.000196	0.000000	0.000000	0.000000	0.000000	0.000000	0.000000	0.000000	0.000000	0.000000	0.000000	0.000000	0.000000	0.000000	0.000000
38	D	O	0.999885	0.000000	0.000001	0.000137	0.000000	0.000000	0.000000	0.000000	0.000000	0.000000	0.000000	0.000000	0.000000	0.000000	0.000000	0.000000	0.000000	0.000000
39	S	O	0.999932	0.000000	0.000001	0.000091	0.000000	0.000000	0.000000	0.000000	0.000000	0.000000	0.000000	0.000000	0.000000	0.000000	0.000000	0.000000	0.000000	0.000000
40	N	O	0.999971	0.000000	0.000001	0.000059	0.000000	0.000000	0.000000	0.000000	0.000000	0.000000	0.000000	0.000000	0.000000	0.000000	0.000000	0.000000	0.000000	0.000000
41	S	O	0.999990	0.000000	0.000000	0.000039	0.000000	0.000000	0.000000	0.000000	0.000000	0.000000	0.000000	0.000000	0.000000	0.000000	0.000000	0.000000	0.000000	0.000000
42	V	O	1.000000	0.000000	0.000000	0.000026	0.000000	0.000000	0.000000	0.000000	0.000000	0.000000	0.000000	0.000000	0.000000	0.000000	0.000000	0.000000	0.000000	0.000000
43	K	O	1.000000	0.000000	0.000000	0.000018	0.000000	0.000000	0.000000	0.000000	0.000000	0.000000	0.000000	0.000000	0.000000	0.000000	0.000000	0.000000	0.000000	0.000000
44	D	O	1.000000	0.000000	0.000000	0.000013	0.000000	0.000000	0.000000	0.000000	0.000000	0.000000	0.000000	0.000000	0.000000	0.000000	0.000000	0.000000	0.000000	0.000000
45	L	O	1.000000	0.000000	0.000000	0.000009	0.000000	0.000000	0.000000	0.000000	0.000000	0.000000	0.000000	0.000000	0.000000	0.000000	0.000000	0.000000	0.000000	0.000000
46	I	O	1.000000	0.000000	0.000000	0.000007	0.000000	0.000000	0.000000	0.000000	0.000000	0.000000	0.000000	0.000000	0.000000	0.000000	0.000000	0.000000	0.000000	0.000000
47	I	O	1.000000	0.000000	0.000000	0.000005	0.000000	0.000000	0.000000	0.000000	0.000000	0.000000	0.000000	0.000000	0.000000	0.000000	0.000000	0.000001	0.000000	0.000000
48	N	O	1.000000	0.000000	0.000000	0.000004	0.000000	0.000000	0.000000	0.000000	0.000000	0.000000	0.000000	0.000000	0.000000	0.000000	0.000000	0.000001	0.000000	0.000000
49	E	O	1.000000	0.000000	0.000000	0.000003	0.000000	0.000001	0.000000	0.000000	0.000000	0.000000	0.000000	0.000000	0.000000	0.000000	0.000000	0.000001	0.000000	0.000000
50	L	O	1.000000	0.000000	0.000000	0.000002	0.000000	0.000001	0.000000	0.000000	0.000000	0.000000	0.000000	0.000000	0.000000	0.000000	0.000000	0.000001	0.000000	0.000001
51	K	O	1.000000	0.000000	0.000000	0.000002	0.000000	0.000001	0.000000	0.000000	0.000000	0.000000	0.000001	0.000000	0.000000	0.000000	0.000000	0.000001	0.000001	0.000001
52	I	O	1.000000	0.000000	0.000000	0.000001	0.000000	0.000001	0.000001	0.000001	0.000000	0.000000	0.000001	0.000000	0.000000	0.000000	0.000000	0.000002	0.000001	0.000001
53	G	O	1.000000	0.000000	0.000000	0.000001	0.000001	0.000001	0.000001	0.000001	0.000000	0.000001	0.000001	0.000000	0.000000	0.000000	0.000000	0.000002	0.000001	0.000001
54	Q	O	1.000000	0.000000	0.000000	0.000001	0.000001	0.000001	0.000001	0.000001	0.000000	0.000001	0.000001	0.000000	0.000000	0.000000	0.000000	0.000002	0.000001	0.000001
55	I	O	1.000000	0.000000	0.000000	0.000000	0.000001	0.000001	0.000001	0.000001	0.000000	0.000001	0.000002	0.000000	0.000000	0.000000	0.000000	0.000003	0.000001	0.000002
56	R	O	1.000000	0.000000	0.000000	0.000000	0.000001	0.000002	0.000001	0.000002	0.000000	0.000001	0.000002	0.000000	0.000000	0.000000	0.000000	0.000003	0.000002	0.000002
57	L	O	1.000000	0.000000	0.000000	0.000000	0.000001	0.000002	0.000001	0.000002	0.000000	0.000002	0.000003	0.000000	0.000000	0.000000	0.000000	0.000004	0.000002	0.000002
58	D	O	1.000000	0.000000	0.000000	0.000000	0.000001	0.000002	0.000002	0.000003	0.000000	0.000002	0.000004	0.000000	0.000000	0.000000	0.000001	0.000005	0.000002	0.000003
59	A	O	0.999999	0.000000	0.000000	0.000000	0.000002	0.000003	0.000002	0.000004	0.000001	0.000003	0.000005	0.000000	0.000000	0.000000	0.000001	0.000006	0.000003	0.000004
60	R	O	0.999987	0.000000	0.000000	0.000000	0.000002	0.000003	0.000003	0.000006	0.000001	0.000004	0.000007	0.000000	0.000000	0.000001	0.000001	0.000008	0.000004	0.000005
61	L	O	0.999973	0.000000	0.000000	0.000000	0.000002	0.000004	0.000003	0.000009	0.000001	0.000007	0.000009	0.000000	0.000000	0.000001	0.000001	0.000011	0.000005	0.000006
62	L	O	0.999947	0.000000	0.000000	0.000000	0.000003	0.000005	0.000004	0.000013	0.000002	0.000011	0.000014	0.000000	0.000000	0.000001	0.000002	0.000015	0.000007	0.000008
63	L	O	0.999916	0.000000	0.000000	0.000000	0.000003	0.000007	0.000005	0.000019	0.000002	0.000018	0.000021	0.000001	0.000000	0.000002	0.000003	0.000020	0.000010	0.000010
64	D	O	0.999852	0.000000	0.000000	0.000000	0.000004	0.000009	0.000008	0.000027	0.000003	0.000027	0.000034	0.000001	0.000000	0.000003	0.000005	0.000027	0.000014	0.000015
65	F	O	0.999778	0.000000	0.000000	0.000000	0.000003	0.000012	0.000010	0.000035	0.000003	0.000043	0.000053	0.000001	0.000000	0.000005	0.000009	0.000034	0.000020	0.000022
66	F	O	0.999687	0.000000	0.000000	0.000000	0.000002	0.000015	0.000013	0.000036	0.000002	0.000061	0.000084	0.000001	0.000000	0.000008	0.000013	0.000038	0.000029	0.000031
67	D	O	0.999595	0.000000	0.000000	0.000000	0.000000	0.000016	0.000017	0.000027	0.000000	0.000077	0.000134	0.000000	0.000000	0.000012	0.000021	0.000030	0.000045	0.000042
68	I	O	0.999505	0.000000	0.000000	0.000000	0.000000	0.000013	0.000025	0.000000	0.000000	0.000079	0.000203	0.000000	0.000000	0.000016	0.000038	0.000000	0.000059	0.000071
69	F	O	0.999417	0.000000	0.000000	0.000000	0.000000	0.000000	0.000053	0.000000	0.000000	0.000000	0.000301	0.000000	0.000000	0.000000	0.000106	0.000000	0.000000	0.000128
70	D	O	0.999997	0.000000	0.000000	0.000000	0.000000	0.000000	0.000000	0.000000	0.000000	0.000000	0.000000	0.000000	0.000000	0.000000	0.000000	0.000000	0.000000	0.000000
