# Name=WP_011818250.1 ATP-dependent zinc metalloprotease FtsH [Prochlorococcus marinus]
# pos	aa	label	Other	Sec/SPI n	Sec/SPI h	Sec/SPI c	Sec/SPII n	Sec/SPII h	Sec/SPII cys	Tat/SPI n	Tat/SPI RR	Tat/SPI h	Tat/SPI c	Tat/SPII n	Tat/SPII RR	Tat/SPII h	Tat/SPII cys	Sec/SPIII P	Sec/SPIII cons.	Sec/SPIII h
1	M	O	0.923455	0.067950	0.000000	0.000000	0.006060	0.000000	0.000000	0.000001	0.000000	0.000000	0.000000	0.000000	0.000000	0.000000	0.000000	0.002534	0.000000	0.000000
2	N	O	0.923453	0.064196	0.003753	0.000000	0.005648	0.000412	0.000000	0.000001	0.000000	0.000000	0.000000	0.000000	0.000000	0.000000	0.000000	0.002236	0.000298	0.000000
3	Q	O	0.923456	0.058075	0.009822	0.000052	0.005032	0.001029	0.000000	0.000001	0.000000	0.000000	0.000000	0.000000	0.000000	0.000000	0.000000	0.001986	0.000343	0.000205
4	K	O	0.923640	0.052224	0.015571	0.000141	0.004347	0.001705	0.000008	0.000001	0.000000	0.000000	0.000000	0.000000	0.000000	0.000000	0.000000	0.001683	0.000439	0.000244
5	F	O	0.923892	0.043269	0.024445	0.000169	0.003302	0.002722	0.000029	0.000000	0.000000	0.000000	0.000000	0.000000	0.000000	0.000000	0.000000	0.001135	0.000778	0.000261
6	K	O	0.924203	0.035976	0.031638	0.000197	0.002625	0.003339	0.000060	0.000000	0.000000	0.000000	0.000000	0.000000	0.000000	0.000000	0.000000	0.000589	0.001025	0.000357
7	T	O	0.924584	0.017895	0.049676	0.000132	0.001197	0.004652	0.000115	0.000000	0.000000	0.000000	0.000000	0.000000	0.000000	0.000000	0.000000	0.000158	0.000995	0.000603
8	L	O	0.924977	0.003855	0.063681	0.000089	0.000340	0.005384	0.000125	0.000000	0.000000	0.000000	0.000000	0.000000	0.000000	0.000000	0.000000	0.000035	0.000474	0.001040
9	I	O	0.925462	0.000770	0.066709	0.000092	0.000109	0.005458	0.000157	0.000000	0.000000	0.000000	0.000000	0.000000	0.000000	0.000000	0.000000	0.000007	0.000185	0.001055
10	L	O	0.925941	0.000159	0.067239	0.000121	0.000037	0.005280	0.000249	0.000000	0.000000	0.000000	0.000000	0.000000	0.000000	0.000000	0.000000	0.000002	0.000063	0.000910
11	W	O	0.926494	0.000034	0.067255	0.000158	0.000013	0.005009	0.000295	0.000000	0.000000	0.000000	0.000000	0.000000	0.000000	0.000000	0.000000	0.000000	0.000022	0.000724
12	A	O	0.927028	0.000007	0.067145	0.000203	0.000005	0.004692	0.000325	0.000000	0.000000	0.000000	0.000000	0.000000	0.000000	0.000000	0.000000	0.000000	0.000007	0.000589
13	L	O	0.927581	0.000002	0.066969	0.000268	0.000002	0.004357	0.000338	0.000000	0.000000	0.000000	0.000000	0.000000	0.000000	0.000000	0.000000	0.000000	0.000002	0.000484
14	P	O	0.928154	0.000000	0.066693	0.000402	0.000001	0.004052	0.000307	0.000000	0.000000	0.000000	0.000000	0.000000	0.000000	0.000000	0.000000	0.000000	0.000001	0.000395
15	I	O	0.928720	0.000000	0.066265	0.000634	0.000000	0.003758	0.000295	0.000000	0.000000	0.000000	0.000000	0.000000	0.000000	0.000000	0.000000	0.000000	0.000000	0.000332
16	L	O	0.929324	0.000000	0.065476	0.001167	0.000000	0.003481	0.000276	0.000000	0.000000	0.000000	0.000000	0.000000	0.000000	0.000000	0.000000	0.000000	0.000000	0.000278
17	L	O	0.930004	0.000000	0.063916	0.002371	0.000000	0.003211	0.000270	0.000000	0.000000	0.000000	0.000000	0.000000	0.000000	0.000000	0.000000	0.000000	0.000000	0.000227
18	V	O	0.930805	0.000000	0.060732	0.005076	0.000000	0.002924	0.000287	0.000000	0.000000	0.000000	0.000000	0.000000	0.000000	0.000000	0.000000	0.000000	0.000000	0.000182
19	I	O	0.931826	0.000000	0.054427	0.010688	0.000000	0.002586	0.000337	0.000000	0.000000	0.000000	0.000000	0.000000	0.000000	0.000000	0.000000	0.000000	0.000000	0.000138
20	A	O	0.933167	0.000000	0.044492	0.019656	0.000000	0.002225	0.000362	0.000000	0.000000	0.000000	0.000000	0.000000	0.000000	0.000000	0.000000	0.000000	0.000000	0.000103
21	L	O	0.935181	0.000000	0.033665	0.028856	0.000000	0.001750	0.000475	0.000000	0.000000	0.000000	0.000000	0.000000	0.000000	0.000000	0.000000	0.000000	0.000000	0.000075
22	S	O	0.937892	0.000000	0.023533	0.036767	0.000000	0.001355	0.000395	0.000000	0.000000	0.000000	0.000000	0.000000	0.000000	0.000000	0.000000	0.000000	0.000000	0.000053
23	Y	O	0.941739	0.000000	0.016756	0.040108	0.000000	0.000916	0.000440	0.000000	0.000000	0.000000	0.000000	0.000000	0.000000	0.000000	0.000000	0.000000	0.000000	0.000037
24	Q	O	0.945878	0.000000	0.011935	0.041240	0.000000	0.000657	0.000259	0.000000	0.000000	0.000000	0.000000	0.000000	0.000000	0.000000	0.000000	0.000000	0.000000	0.000026
25	F	O	0.950708	0.000000	0.008831	0.039778	0.000000	0.000371	0.000286	0.000000	0.000000	0.000000	0.000000	0.000000	0.000000	0.000000	0.000000	0.000000	0.000000	0.000020
26	L	O	0.956109	0.000000	0.006589	0.036910	0.000000	0.000175	0.000195	0.000000	0.000000	0.000000	0.000000	0.000000	0.000000	0.000000	0.000000	0.000000	0.000000	0.000014
27	S	O	0.962420	0.000000	0.004756	0.032631	0.000000	0.000073	0.000103	0.000000	0.000000	0.000000	0.000000	0.000000	0.000000	0.000000	0.000000	0.000000	0.000000	0.000007
28	S	O	0.968938	0.000000	0.003647	0.027327	0.000000	0.000021	0.000052	0.000000	0.000000	0.000000	0.000000	0.000000	0.000000	0.000000	0.000000	0.000000	0.000000	0.000002
29	S	O	0.974115	0.000000	0.002821	0.023026	0.000000	0.000007	0.000014	0.000000	0.000000	0.000000	0.000000	0.000000	0.000000	0.000000	0.000000	0.000000	0.000000	0.000001
30	N	O	0.977352	0.000000	0.002051	0.020576	0.000000	0.000003	0.000004	0.000000	0.000000	0.000000	0.000000	0.000000	0.000000	0.000000	0.000000	0.000000	0.000000	0.000000
31	V	O	0.980156	0.000000	0.001532	0.018295	0.000000	0.000002	0.000002	0.000000	0.000000	0.000000	0.000000	0.000000	0.000000	0.000000	0.000000	0.000001	0.000000	0.000000
32	D	O	0.982375	0.000000	0.001066	0.016542	0.000000	0.000001	0.000001	0.000000	0.000000	0.000000	0.000000	0.000000	0.000000	0.000000	0.000000	0.000001	0.000000	0.000000
33	S	O	0.984414	0.000000	0.000762	0.014811	0.000000	0.000001	0.000001	0.000000	0.000000	0.000000	0.000000	0.000000	0.000000	0.000000	0.000000	0.000001	0.000000	0.000000
34	L	O	0.986532	0.000000	0.000575	0.012879	0.000001	0.000001	0.000000	0.000000	0.000000	0.000000	0.000000	0.000000	0.000000	0.000000	0.000000	0.000001	0.000000	0.000000
35	K	O	0.988040	0.000000	0.000415	0.011533	0.000001	0.000001	0.000000	0.000000	0.000000	0.000000	0.000000	0.000000	0.000000	0.000000	0.000000	0.000002	0.000000	0.000001
36	S	O	0.989261	0.000000	0.000295	0.010430	0.000001	0.000001	0.000000	0.000001	0.000000	0.000000	0.000000	0.000000	0.000000	0.000000	0.000000	0.000003	0.000001	0.000001
37	N	O	0.990358	0.000000	0.000213	0.009411	0.000001	0.000001	0.000001	0.000001	0.000000	0.000000	0.000000	0.000000	0.000000	0.000000	0.000000	0.000003	0.000001	0.000001
38	G	O	0.991229	0.000000	0.000153	0.008600	0.000001	0.000002	0.000001	0.000001	0.000000	0.000001	0.000001	0.000000	0.000000	0.000000	0.000000	0.000004	0.000001	0.000001
39	T	O	0.992057	0.000000	0.000111	0.007811	0.000002	0.000002	0.000001	0.000001	0.000000	0.000001	0.000001	0.000000	0.000000	0.000000	0.000000	0.000005	0.000001	0.000001
40	T	O	0.992730	0.000000	0.000077	0.007170	0.000002	0.000003	0.000001	0.000002	0.000000	0.000001	0.000001	0.000000	0.000000	0.000000	0.000000	0.000007	0.000002	0.000002
41	V	O	0.993409	0.000000	0.000051	0.006512	0.000002	0.000003	0.000001	0.000002	0.000000	0.000002	0.000002	0.000000	0.000000	0.000000	0.000000	0.000008	0.000002	0.000002
42	A	O	0.994191	0.000000	0.000034	0.005748	0.000002	0.000004	0.000001	0.000002	0.000000	0.000002	0.000003	0.000000	0.000000	0.000000	0.000000	0.000008	0.000003	0.000003
43	P	O	0.995023	0.000000	0.000022	0.004921	0.000002	0.000004	0.000002	0.000002	0.000000	0.000002	0.000003	0.000000	0.000000	0.000000	0.000000	0.000009	0.000003	0.000004
44	R	O	0.995897	0.000000	0.000014	0.004054	0.000002	0.000004	0.000002	0.000002	0.000000	0.000002	0.000004	0.000000	0.000000	0.000000	0.000000	0.000010	0.000003	0.000004
45	N	O	0.996600	0.000000	0.000009	0.003351	0.000002	0.000004	0.000002	0.000002	0.000000	0.000003	0.000004	0.000000	0.000000	0.000000	0.000000	0.000010	0.000004	0.000004
46	S	O	0.997256	0.000000	0.000005	0.002696	0.000002	0.000005	0.000002	0.000003	0.000000	0.000003	0.000005	0.000000	0.000000	0.000000	0.000000	0.000011	0.000005	0.000005
47	A	O	0.997906	0.000000	0.000003	0.002049	0.000002	0.000005	0.000002	0.000003	0.000000	0.000003	0.000006	0.000000	0.000000	0.000000	0.000000	0.000012	0.000005	0.000006
48	V	O	0.998482	0.000000	0.000002	0.001466	0.000002	0.000005	0.000003	0.000003	0.000000	0.000003	0.000006	0.000000	0.000000	0.000000	0.000000	0.000012	0.000006	0.000006
49	A	O	0.998967	0.000000	0.000001	0.000985	0.000002	0.000005	0.000003	0.000003	0.000000	0.000003	0.000007	0.000000	0.000000	0.000000	0.000000	0.000013	0.000006	0.000007
50	R	O	0.999345	0.000000	0.000001	0.000603	0.000002	0.000005	0.000003	0.000004	0.000000	0.000004	0.000007	0.000000	0.000000	0.000000	0.000000	0.000014	0.000006	0.000008
51	V	O	0.999577	0.000000	0.000001	0.000363	0.000003	0.000005	0.000003	0.000005	0.000001	0.000005	0.000007	0.000000	0.000000	0.000000	0.000000	0.000016	0.000008	0.000008
52	S	O	0.999704	0.000000	0.000000	0.000224	0.000003	0.000006	0.000004	0.000006	0.000001	0.000006	0.000009	0.000000	0.000000	0.000000	0.000001	0.000019	0.000009	0.000010
53	Y	O	0.999776	0.000000	0.000000	0.000136	0.000004	0.000007	0.000005	0.000008	0.000001	0.000007	0.000011	0.000000	0.000000	0.000001	0.000001	0.000022	0.000010	0.000013
54	G	O	0.999806	0.000000	0.000000	0.000083	0.000004	0.000008	0.000006	0.000010	0.000001	0.000010	0.000015	0.000000	0.000000	0.000001	0.000001	0.000028	0.000013	0.000015
55	R	O	0.999811	0.000000	0.000000	0.000049	0.000005	0.000009	0.000007	0.000014	0.000002	0.000012	0.000019	0.000000	0.000000	0.000001	0.000002	0.000034	0.000015	0.000019
56	F	O	0.999793	0.000000	0.000000	0.000030	0.000006	0.000011	0.000009	0.000019	0.000002	0.000018	0.000025	0.000000	0.000000	0.000001	0.000002	0.000042	0.000019	0.000023
57	L	O	0.999755	0.000000	0.000000	0.000018	0.000008	0.000014	0.000011	0.000025	0.000003	0.000025	0.000034	0.000001	0.000000	0.000002	0.000003	0.000052	0.000024	0.000029
58	D	O	0.999693	0.000000	0.000000	0.000011	0.000009	0.000017	0.000013	0.000033	0.000004	0.000032	0.000048	0.000001	0.000000	0.000003	0.000005	0.000066	0.000029	0.000037
59	Y	O	0.999612	0.000000	0.000000	0.000007	0.000011	0.000021	0.000016	0.000044	0.000004	0.000043	0.000064	0.000001	0.000000	0.000004	0.000007	0.000084	0.000037	0.000046
60	I	O	0.999514	0.000000	0.000000	0.000004	0.000012	0.000025	0.000020	0.000056	0.000006	0.000058	0.000084	0.000001	0.000000	0.000005	0.000009	0.000104	0.000049	0.000056
61	N	O	0.999369	0.000000	0.000000	0.000002	0.000014	0.000031	0.000025	0.000072	0.000007	0.000076	0.000117	0.000002	0.000001	0.000007	0.000013	0.000130	0.000062	0.000074
62	S	O	0.999187	0.000000	0.000000	0.000001	0.000015	0.000038	0.000031	0.000091	0.000009	0.000100	0.000161	0.000002	0.000001	0.000010	0.000019	0.000159	0.000082	0.000096
63	G	O	0.998960	0.000000	0.000000	0.000001	0.000016	0.000046	0.000040	0.000115	0.000010	0.000129	0.000223	0.000003	0.000001	0.000014	0.000028	0.000188	0.000105	0.000126
64	R	O	0.998704	0.000000	0.000000	0.000000	0.000016	0.000052	0.000052	0.000131	0.000012	0.000171	0.000296	0.000003	0.000001	0.000019	0.000039	0.000211	0.000133	0.000163
65	V	O	0.998417	0.000000	0.000000	0.000000	0.000012	0.000062	0.000060	0.000141	0.000009	0.000234	0.000392	0.000003	0.000000	0.000027	0.000057	0.000208	0.000175	0.000207
66	T	O	0.998132	0.000000	0.000000	0.000000	0.000006	0.000070	0.000074	0.000122	0.000005	0.000276	0.000543	0.000002	0.000000	0.000035	0.000082	0.000184	0.000202	0.000271
67	S	O	0.997994	0.000000	0.000000	0.000000	0.000000	0.000066	0.000091	0.000075	0.000000	0.000274	0.000689	0.000000	0.000000	0.000041	0.000111	0.000114	0.000227	0.000324
68	V	O	0.998060	0.000000	0.000000	0.000000	0.000000	0.000041	0.000116	0.000000	0.000000	0.000218	0.000778	0.000000	0.000000	0.000037	0.000154	0.000000	0.000207	0.000394
69	D	O	0.998370	0.000000	0.000000	0.000000	0.000000	0.000000	0.000139	0.000000	0.000000	0.000000	0.000832	0.000000	0.000000	0.000000	0.000228	0.000000	0.000000	0.000434
70	I	O	1.000000	0.000000	0.000000	0.000000	0.000000	0.000000	0.000000	0.000000	0.000000	0.000000	0.000000	0.000000	0.000000	0.000000	0.000000	0.000000	0.000000	0.000000
