# Name=WP_011818583.1 DUF2834 domain-containing protein [Prochlorococcus marinus]
# pos	aa	label	Other	Sec/SPI n	Sec/SPI h	Sec/SPI c	Sec/SPII n	Sec/SPII h	Sec/SPII cys	Tat/SPI n	Tat/SPI RR	Tat/SPI h	Tat/SPI c	Tat/SPII n	Tat/SPII RR	Tat/SPII h	Tat/SPII cys	Sec/SPIII P	Sec/SPIII cons.	Sec/SPIII h
1	M	O	0.927052	0.072555	0.000000	0.000000	0.000023	0.000000	0.000000	0.000000	0.000000	0.000000	0.000000	0.000000	0.000000	0.000000	0.000000	0.000378	0.000000	0.000000
2	N	O	0.927056	0.067912	0.004643	0.000000	0.000021	0.000002	0.000000	0.000000	0.000000	0.000000	0.000000	0.000000	0.000000	0.000000	0.000000	0.000347	0.000031	0.000000
3	S	O	0.927053	0.062462	0.009952	0.000142	0.000018	0.000005	0.000000	0.000000	0.000000	0.000000	0.000000	0.000000	0.000000	0.000000	0.000000	0.000315	0.000042	0.000021
4	F	O	0.927093	0.059019	0.013089	0.000427	0.000017	0.000007	0.000000	0.000000	0.000000	0.000000	0.000000	0.000000	0.000000	0.000000	0.000000	0.000287	0.000042	0.000033
5	N	O	0.927191	0.056556	0.015143	0.000766	0.000015	0.000008	0.000000	0.000000	0.000000	0.000000	0.000000	0.000000	0.000000	0.000000	0.000000	0.000259	0.000042	0.000035
6	I	O	0.927361	0.054279	0.017028	0.001017	0.000014	0.000009	0.000000	0.000000	0.000000	0.000000	0.000000	0.000000	0.000000	0.000000	0.000000	0.000229	0.000044	0.000035
7	L	O	0.927598	0.052473	0.018415	0.001233	0.000013	0.000009	0.000000	0.000000	0.000000	0.000000	0.000000	0.000000	0.000000	0.000000	0.000000	0.000200	0.000043	0.000037
8	K	O	0.927905	0.050703	0.019808	0.001337	0.000012	0.000010	0.000001	0.000000	0.000000	0.000000	0.000000	0.000000	0.000000	0.000000	0.000000	0.000174	0.000040	0.000037
9	D	O	0.928238	0.048597	0.021589	0.001360	0.000011	0.000010	0.000001	0.000000	0.000000	0.000000	0.000000	0.000000	0.000000	0.000000	0.000000	0.000147	0.000039	0.000035
10	N	O	0.928604	0.046009	0.023931	0.001271	0.000009	0.000011	0.000001	0.000000	0.000000	0.000000	0.000000	0.000000	0.000000	0.000000	0.000000	0.000122	0.000036	0.000034
11	K	O	0.929033	0.042270	0.027521	0.001017	0.000008	0.000012	0.000001	0.000000	0.000000	0.000000	0.000000	0.000000	0.000000	0.000000	0.000000	0.000096	0.000037	0.000031
12	Q	O	0.929508	0.034674	0.035045	0.000641	0.000006	0.000013	0.000001	0.000000	0.000000	0.000000	0.000000	0.000000	0.000000	0.000000	0.000000	0.000055	0.000061	0.000022
13	I	O	0.929908	0.014891	0.054807	0.000278	0.000002	0.000016	0.000001	0.000000	0.000000	0.000000	0.000000	0.000000	0.000000	0.000000	0.000000	0.000011	0.000075	0.000036
14	L	O	0.930096	0.003834	0.065839	0.000135	0.000001	0.000016	0.000001	0.000000	0.000000	0.000000	0.000000	0.000000	0.000000	0.000000	0.000000	0.000002	0.000037	0.000065
15	S	O	0.930202	0.000980	0.068656	0.000097	0.000000	0.000015	0.000002	0.000000	0.000000	0.000000	0.000000	0.000000	0.000000	0.000000	0.000000	0.000000	0.000012	0.000063
16	Y	O	0.930289	0.000189	0.069416	0.000067	0.000000	0.000013	0.000002	0.000000	0.000000	0.000000	0.000000	0.000000	0.000000	0.000000	0.000000	0.000000	0.000003	0.000048
17	L	O	0.930351	0.000033	0.069540	0.000055	0.000000	0.000011	0.000002	0.000000	0.000000	0.000000	0.000000	0.000000	0.000000	0.000000	0.000000	0.000000	0.000001	0.000033
18	Y	O	0.930399	0.000006	0.069530	0.000056	0.000000	0.000008	0.000002	0.000000	0.000000	0.000000	0.000000	0.000000	0.000000	0.000000	0.000000	0.000000	0.000000	0.000023
19	L	O	0.930447	0.000001	0.069486	0.000069	0.000000	0.000006	0.000002	0.000000	0.000000	0.000000	0.000000	0.000000	0.000000	0.000000	0.000000	0.000000	0.000000	0.000017
20	F	O	0.930496	0.000000	0.069425	0.000086	0.000000	0.000005	0.000002	0.000000	0.000000	0.000000	0.000000	0.000000	0.000000	0.000000	0.000000	0.000000	0.000000	0.000013
21	L	O	0.930553	0.000000	0.069338	0.000120	0.000000	0.000003	0.000001	0.000000	0.000000	0.000000	0.000000	0.000000	0.000000	0.000000	0.000000	0.000000	0.000000	0.000010
22	S	O	0.930625	0.000000	0.069196	0.000191	0.000000	0.000003	0.000001	0.000000	0.000000	0.000000	0.000000	0.000000	0.000000	0.000000	0.000000	0.000000	0.000000	0.000008
23	I	O	0.930737	0.000000	0.068993	0.000286	0.000000	0.000002	0.000001	0.000000	0.000000	0.000000	0.000000	0.000000	0.000000	0.000000	0.000000	0.000000	0.000000	0.000006
24	L	O	0.930880	0.000000	0.068645	0.000490	0.000000	0.000001	0.000000	0.000000	0.000000	0.000000	0.000000	0.000000	0.000000	0.000000	0.000000	0.000000	0.000000	0.000005
25	G	O	0.931082	0.000000	0.067992	0.000938	0.000000	0.000001	0.000000	0.000000	0.000000	0.000000	0.000000	0.000000	0.000000	0.000000	0.000000	0.000000	0.000000	0.000003
26	A	O	0.931370	0.000000	0.066776	0.001860	0.000000	0.000001	0.000000	0.000000	0.000000	0.000000	0.000000	0.000000	0.000000	0.000000	0.000000	0.000000	0.000000	0.000002
27	V	O	0.931820	0.000000	0.064547	0.003643	0.000000	0.000001	0.000000	0.000000	0.000000	0.000000	0.000000	0.000000	0.000000	0.000000	0.000000	0.000000	0.000000	0.000002
28	L	O	0.932419	0.000000	0.060897	0.006693	0.000000	0.000000	0.000000	0.000000	0.000000	0.000000	0.000000	0.000000	0.000000	0.000000	0.000000	0.000000	0.000000	0.000001
29	P	O	0.933196	0.000000	0.054472	0.012343	0.000000	0.000000	0.000000	0.000000	0.000000	0.000000	0.000000	0.000000	0.000000	0.000000	0.000000	0.000000	0.000000	0.000001
30	M	O	0.934236	0.000000	0.045647	0.020131	0.000000	0.000000	0.000000	0.000000	0.000000	0.000000	0.000000	0.000000	0.000000	0.000000	0.000000	0.000000	0.000000	0.000001
31	L	O	0.935469	0.000000	0.032033	0.032507	0.000000	0.000000	0.000000	0.000000	0.000000	0.000000	0.000000	0.000000	0.000000	0.000000	0.000000	0.000000	0.000000	0.000001
32	A	O	0.937492	0.000000	0.017391	0.045130	0.000000	0.000000	0.000000	0.000000	0.000000	0.000000	0.000000	0.000000	0.000000	0.000000	0.000000	0.000000	0.000000	0.000001
33	N	O	0.943117	0.000000	0.009898	0.046995	0.000000	0.000000	0.000000	0.000000	0.000000	0.000000	0.000000	0.000000	0.000000	0.000000	0.000000	0.000000	0.000000	0.000000
34	L	O	0.952377	0.000000	0.006884	0.040752	0.000000	0.000000	0.000000	0.000000	0.000000	0.000000	0.000000	0.000000	0.000000	0.000000	0.000000	0.000000	0.000000	0.000000
35	E	O	0.960392	0.000000	0.003617	0.036004	0.000000	0.000000	0.000000	0.000000	0.000000	0.000000	0.000000	0.000000	0.000000	0.000000	0.000000	0.000000	0.000000	0.000000
36	F	O	0.967791	0.000000	0.001619	0.030601	0.000000	0.000000	0.000000	0.000000	0.000000	0.000000	0.000000	0.000000	0.000000	0.000000	0.000000	0.000000	0.000000	0.000000
37	A	O	0.976289	0.000000	0.000584	0.023136	0.000000	0.000000	0.000000	0.000000	0.000000	0.000000	0.000000	0.000000	0.000000	0.000000	0.000000	0.000000	0.000000	0.000000
38	R	O	0.988222	0.000000	0.000339	0.011453	0.000000	0.000000	0.000000	0.000000	0.000000	0.000000	0.000000	0.000000	0.000000	0.000000	0.000000	0.000000	0.000000	0.000000
39	E	O	0.993378	0.000000	0.000196	0.006436	0.000000	0.000000	0.000000	0.000000	0.000000	0.000000	0.000000	0.000000	0.000000	0.000000	0.000000	0.000000	0.000000	0.000000
40	Y	O	0.996368	0.000000	0.000124	0.003517	0.000000	0.000000	0.000000	0.000000	0.000000	0.000000	0.000000	0.000000	0.000000	0.000000	0.000000	0.000000	0.000000	0.000000
41	G	O	0.997961	0.000000	0.000082	0.001969	0.000000	0.000000	0.000000	0.000000	0.000000	0.000000	0.000000	0.000000	0.000000	0.000000	0.000000	0.000000	0.000000	0.000000
42	N	O	0.998807	0.000000	0.000056	0.001147	0.000000	0.000000	0.000000	0.000000	0.000000	0.000000	0.000000	0.000000	0.000000	0.000000	0.000000	0.000000	0.000000	0.000000
43	S	O	0.999246	0.000000	0.000040	0.000723	0.000000	0.000000	0.000000	0.000000	0.000000	0.000000	0.000000	0.000000	0.000000	0.000000	0.000000	0.000000	0.000000	0.000000
44	F	O	0.999508	0.000000	0.000029	0.000472	0.000000	0.000000	0.000000	0.000000	0.000000	0.000000	0.000000	0.000000	0.000000	0.000000	0.000000	0.000000	0.000000	0.000000
45	D	O	0.999667	0.000000	0.000022	0.000323	0.000000	0.000000	0.000000	0.000000	0.000000	0.000000	0.000000	0.000000	0.000000	0.000000	0.000000	0.000001	0.000000	0.000000
46	I	O	0.999765	0.000000	0.000017	0.000228	0.000000	0.000000	0.000000	0.000000	0.000000	0.000000	0.000000	0.000000	0.000000	0.000000	0.000000	0.000001	0.000000	0.000000
47	N	O	0.999827	0.000000	0.000013	0.000169	0.000000	0.000000	0.000000	0.000000	0.000000	0.000000	0.000000	0.000000	0.000000	0.000000	0.000000	0.000001	0.000000	0.000000
48	N	O	0.999864	0.000000	0.000009	0.000134	0.000000	0.000000	0.000000	0.000000	0.000000	0.000000	0.000000	0.000000	0.000000	0.000000	0.000000	0.000001	0.000001	0.000001
49	F	O	0.999889	0.000000	0.000007	0.000110	0.000001	0.000001	0.000000	0.000000	0.000000	0.000000	0.000000	0.000000	0.000000	0.000000	0.000000	0.000002	0.000001	0.000001
50	I	O	0.999908	0.000000	0.000005	0.000090	0.000001	0.000001	0.000000	0.000000	0.000000	0.000000	0.000000	0.000000	0.000000	0.000000	0.000000	0.000002	0.000001	0.000001
51	S	O	0.999921	0.000000	0.000003	0.000075	0.000001	0.000001	0.000000	0.000001	0.000000	0.000000	0.000000	0.000000	0.000000	0.000000	0.000000	0.000003	0.000001	0.000001
52	L	O	0.999933	0.000000	0.000002	0.000062	0.000001	0.000001	0.000001	0.000001	0.000000	0.000001	0.000001	0.000000	0.000000	0.000000	0.000000	0.000003	0.000001	0.000002
53	A	O	0.999945	0.000000	0.000001	0.000049	0.000001	0.000001	0.000001	0.000001	0.000000	0.000001	0.000001	0.000000	0.000000	0.000000	0.000000	0.000004	0.000002	0.000002
54	N	O	0.999956	0.000000	0.000001	0.000039	0.000002	0.000001	0.000001	0.000001	0.000000	0.000001	0.000001	0.000000	0.000000	0.000000	0.000000	0.000005	0.000002	0.000002
55	A	O	0.999959	0.000000	0.000000	0.000030	0.000002	0.000002	0.000001	0.000002	0.000000	0.000001	0.000001	0.000000	0.000000	0.000000	0.000000	0.000006	0.000002	0.000002
56	N	O	0.999959	0.000000	0.000000	0.000022	0.000004	0.000002	0.000001	0.000003	0.000000	0.000001	0.000002	0.000000	0.000000	0.000000	0.000000	0.000008	0.000002	0.000002
57	P	O	0.999955	0.000000	0.000000	0.000017	0.000005	0.000003	0.000001	0.000004	0.000000	0.000002	0.000002	0.000000	0.000000	0.000000	0.000000	0.000011	0.000003	0.000003
58	A	O	0.999945	0.000000	0.000000	0.000013	0.000008	0.000003	0.000001	0.000005	0.000001	0.000002	0.000003	0.000001	0.000000	0.000000	0.000001	0.000016	0.000003	0.000004
59	A	O	0.999930	0.000000	0.000000	0.000009	0.000011	0.000005	0.000002	0.000008	0.000001	0.000003	0.000004	0.000001	0.000000	0.000001	0.000001	0.000023	0.000003	0.000004
60	Q	O	0.999907	0.000000	0.000000	0.000006	0.000015	0.000008	0.000002	0.000011	0.000002	0.000005	0.000005	0.000001	0.000000	0.000001	0.000001	0.000034	0.000005	0.000005
61	S	O	0.999857	0.000000	0.000000	0.000004	0.000020	0.000014	0.000002	0.000019	0.000002	0.000008	0.000007	0.000002	0.000001	0.000002	0.000001	0.000049	0.000008	0.000006
62	I	O	0.999787	0.000000	0.000000	0.000002	0.000025	0.000024	0.000004	0.000029	0.000004	0.000014	0.000010	0.000003	0.000001	0.000003	0.000002	0.000067	0.000016	0.000009
63	S	O	0.999685	0.000000	0.000000	0.000001	0.000030	0.000038	0.000006	0.000042	0.000005	0.000024	0.000018	0.000004	0.000001	0.000006	0.000003	0.000090	0.000031	0.000015
64	R	O	0.999558	0.000000	0.000000	0.000001	0.000034	0.000054	0.000015	0.000045	0.000011	0.000041	0.000027	0.000004	0.000001	0.000011	0.000006	0.000108	0.000057	0.000025
65	D	O	0.999423	0.000000	0.000000	0.000000	0.000023	0.000086	0.000017	0.000058	0.000006	0.000066	0.000038	0.000005	0.000001	0.000018	0.000007	0.000108	0.000104	0.000038
66	L	O	0.999297	0.000000	0.000000	0.000000	0.000008	0.000119	0.000026	0.000044	0.000002	0.000107	0.000054	0.000003	0.000000	0.000029	0.000010	0.000056	0.000177	0.000069
67	L	O	0.999177	0.000000	0.000000	0.000000	0.000000	0.000125	0.000056	0.000019	0.000000	0.000127	0.000091	0.000000	0.000000	0.000037	0.000022	0.000019	0.000150	0.000175
68	V	O	0.999177	0.000000	0.000000	0.000000	0.000000	0.000094	0.000083	0.000000	0.000000	0.000096	0.000152	0.000000	0.000000	0.000038	0.000039	0.000000	0.000091	0.000226
69	G	O	0.999229	0.000000	0.000000	0.000000	0.000000	0.000000	0.000170	0.000000	0.000000	0.000000	0.000250	0.000000	0.000000	0.000000	0.000128	0.000000	0.000000	0.000226
70	A	O	1.000000	0.000000	0.000000	0.000000	0.000000	0.000000	0.000000	0.000000	0.000000	0.000000	0.000000	0.000000	0.000000	0.000000	0.000000	0.000000	0.000000	0.000000
