# Name=WP_011817827.1 alternative oxidase [Prochlorococcus marinus]
# pos	aa	label	Other	Sec/SPI n	Sec/SPI h	Sec/SPI c	Sec/SPII n	Sec/SPII h	Sec/SPII cys	Tat/SPI n	Tat/SPI RR	Tat/SPI h	Tat/SPI c	Tat/SPII n	Tat/SPII RR	Tat/SPII h	Tat/SPII cys	Sec/SPIII P	Sec/SPIII cons.	Sec/SPIII h
1	M	O	0.996032	0.003546	0.000000	0.000000	0.000427	0.000000	0.000000	0.000001	0.000000	0.000000	0.000000	0.000002	0.000000	0.000000	0.000000	0.000004	0.000000	0.000000
2	K	O	0.996035	0.003298	0.000248	0.000000	0.000390	0.000038	0.000000	0.000001	0.000000	0.000000	0.000000	0.000001	0.000000	0.000000	0.000000	0.000004	0.000000	0.000000
3	K	O	0.996036	0.002834	0.000708	0.000005	0.000324	0.000104	0.000000	0.000001	0.000000	0.000000	0.000000	0.000001	0.000000	0.000000	0.000000	0.000004	0.000000	0.000000
4	I	O	0.996037	0.001976	0.001560	0.000009	0.000201	0.000226	0.000000	0.000001	0.000000	0.000000	0.000000	0.000001	0.000000	0.000000	0.000000	0.000003	0.000001	0.000000
5	N	O	0.996042	0.001426	0.002092	0.000023	0.000133	0.000294	0.000001	0.000001	0.000000	0.000000	0.000000	0.000001	0.000000	0.000000	0.000000	0.000002	0.000001	0.000000
6	S	O	0.996049	0.000863	0.002640	0.000029	0.000078	0.000345	0.000003	0.000001	0.000000	0.000000	0.000000	0.000001	0.000000	0.000000	0.000000	0.000002	0.000001	0.000001
7	L	O	0.996066	0.000449	0.003040	0.000029	0.000043	0.000378	0.000003	0.000001	0.000000	0.000000	0.000000	0.000001	0.000000	0.000001	0.000000	0.000001	0.000002	0.000001
8	I	O	0.996086	0.000244	0.003228	0.000032	0.000022	0.000393	0.000005	0.000001	0.000000	0.000000	0.000000	0.000001	0.000000	0.000001	0.000000	0.000001	0.000001	0.000001
9	L	O	0.996107	0.000147	0.003299	0.000043	0.000013	0.000395	0.000007	0.000001	0.000000	0.000000	0.000000	0.000001	0.000000	0.000001	0.000000	0.000000	0.000001	0.000001
10	N	O	0.996132	0.000099	0.003301	0.000071	0.000008	0.000389	0.000011	0.000000	0.000000	0.000000	0.000000	0.000001	0.000000	0.000001	0.000000	0.000000	0.000001	0.000001
11	I	O	0.996177	0.000070	0.003291	0.000081	0.000004	0.000371	0.000021	0.000000	0.000000	0.000000	0.000000	0.000001	0.000000	0.000001	0.000000	0.000000	0.000001	0.000001
12	T	O	0.996227	0.000053	0.003249	0.000112	0.000002	0.000348	0.000025	0.000000	0.000000	0.000000	0.000000	0.000001	0.000000	0.000001	0.000000	0.000000	0.000000	0.000001
13	V	O	0.996287	0.000043	0.003186	0.000148	0.000001	0.000326	0.000023	0.000000	0.000000	0.000000	0.000000	0.000001	0.000000	0.000001	0.000000	0.000000	0.000000	0.000000
14	N	O	0.996340	0.000037	0.003068	0.000239	0.000001	0.000296	0.000030	0.000000	0.000000	0.000000	0.000000	0.000001	0.000000	0.000001	0.000000	0.000000	0.000000	0.000000
15	F	O	0.996430	0.000033	0.002960	0.000291	0.000000	0.000262	0.000035	0.000000	0.000000	0.000000	0.000000	0.000000	0.000000	0.000001	0.000000	0.000000	0.000000	0.000000
16	L	O	0.996524	0.000030	0.002807	0.000388	0.000000	0.000234	0.000028	0.000000	0.000000	0.000000	0.000000	0.000000	0.000000	0.000001	0.000000	0.000000	0.000000	0.000000
17	D	O	0.996602	0.000029	0.002528	0.000618	0.000000	0.000210	0.000024	0.000000	0.000000	0.000000	0.000000	0.000000	0.000000	0.000001	0.000000	0.000000	0.000000	0.000000
18	F	O	0.996696	0.000027	0.002231	0.000846	0.000000	0.000184	0.000025	0.000000	0.000000	0.000000	0.000000	0.000000	0.000000	0.000001	0.000000	0.000000	0.000000	0.000000
19	I	O	0.996796	0.000026	0.001844	0.001159	0.000000	0.000152	0.000033	0.000000	0.000000	0.000000	0.000000	0.000000	0.000000	0.000001	0.000000	0.000000	0.000000	0.000000
20	Y	O	0.996931	0.000026	0.001423	0.001479	0.000000	0.000118	0.000034	0.000000	0.000000	0.000000	0.000000	0.000000	0.000000	0.000000	0.000000	0.000000	0.000000	0.000000
21	S	O	0.997090	0.000026	0.001081	0.001693	0.000000	0.000072	0.000045	0.000000	0.000000	0.000000	0.000000	0.000000	0.000000	0.000000	0.000000	0.000000	0.000000	0.000000
22	G	O	0.997592	0.000025	0.000991	0.001330	0.000000	0.000041	0.000032	0.000000	0.000000	0.000000	0.000000	0.000000	0.000000	0.000000	0.000000	0.000000	0.000000	0.000000
23	R	O	0.998000	0.000024	0.000938	0.001006	0.000000	0.000026	0.000015	0.000000	0.000000	0.000000	0.000000	0.000000	0.000000	0.000000	0.000000	0.000000	0.000000	0.000000
24	S	O	0.998248	0.000023	0.000900	0.000815	0.000000	0.000021	0.000005	0.000000	0.000000	0.000000	0.000000	0.000000	0.000000	0.000000	0.000000	0.000000	0.000000	0.000000
25	L	O	0.998482	0.000022	0.000878	0.000608	0.000000	0.000018	0.000003	0.000000	0.000000	0.000000	0.000000	0.000000	0.000000	0.000000	0.000000	0.000000	0.000000	0.000000
26	Q	O	0.998635	0.000020	0.000859	0.000478	0.000000	0.000017	0.000001	0.000000	0.000000	0.000000	0.000000	0.000000	0.000000	0.000000	0.000000	0.000000	0.000000	0.000000
27	R	O	0.998742	0.000018	0.000848	0.000383	0.000000	0.000016	0.000001	0.000000	0.000000	0.000000	0.000000	0.000000	0.000000	0.000000	0.000000	0.000000	0.000000	0.000000
28	F	O	0.998822	0.000014	0.000844	0.000310	0.000000	0.000015	0.000001	0.000000	0.000000	0.000000	0.000000	0.000000	0.000000	0.000000	0.000000	0.000000	0.000000	0.000000
29	W	O	0.998897	0.000009	0.000842	0.000245	0.000000	0.000014	0.000001	0.000000	0.000000	0.000000	0.000000	0.000000	0.000000	0.000000	0.000000	0.000000	0.000000	0.000000
30	V	O	0.998945	0.000005	0.000840	0.000201	0.000000	0.000014	0.000001	0.000000	0.000000	0.000000	0.000000	0.000000	0.000000	0.000000	0.000000	0.000000	0.000000	0.000000
31	L	O	0.998982	0.000003	0.000834	0.000175	0.000000	0.000013	0.000001	0.000000	0.000000	0.000000	0.000000	0.000000	0.000000	0.000000	0.000000	0.000000	0.000000	0.000000
32	E	O	0.999002	0.000002	0.000818	0.000171	0.000000	0.000012	0.000001	0.000000	0.000000	0.000000	0.000000	0.000000	0.000000	0.000000	0.000000	0.000000	0.000000	0.000000
33	V	O	0.999025	0.000001	0.000796	0.000173	0.000000	0.000011	0.000001	0.000000	0.000000	0.000000	0.000000	0.000000	0.000000	0.000001	0.000000	0.000000	0.000000	0.000000
34	I	O	0.999042	0.000001	0.000766	0.000185	0.000000	0.000010	0.000001	0.000000	0.000000	0.000001	0.000000	0.000000	0.000000	0.000001	0.000000	0.000000	0.000000	0.000000
35	A	O	0.999057	0.000001	0.000718	0.000219	0.000000	0.000010	0.000001	0.000000	0.000000	0.000001	0.000000	0.000000	0.000000	0.000001	0.000000	0.000000	0.000000	0.000000
36	R	O	0.999078	0.000000	0.000664	0.000256	0.000000	0.000008	0.000001	0.000000	0.000000	0.000001	0.000000	0.000000	0.000000	0.000001	0.000000	0.000000	0.000000	0.000000
37	S	O	0.999097	0.000000	0.000613	0.000290	0.000000	0.000007	0.000001	0.000000	0.000000	0.000001	0.000000	0.000000	0.000000	0.000001	0.000000	0.000000	0.000000	0.000000
38	P	O	0.999118	0.000000	0.000562	0.000321	0.000000	0.000006	0.000001	0.000000	0.000000	0.000001	0.000000	0.000000	0.000000	0.000001	0.000000	0.000000	0.000000	0.000000
39	Y	O	0.999138	0.000000	0.000513	0.000350	0.000000	0.000006	0.000001	0.000000	0.000000	0.000001	0.000000	0.000000	0.000000	0.000001	0.000000	0.000000	0.000000	0.000000
40	F	O	0.999158	0.000000	0.000456	0.000387	0.000000	0.000005	0.000001	0.000000	0.000000	0.000001	0.000000	0.000000	0.000000	0.000000	0.000000	0.000000	0.000000	0.000000
41	A	O	0.999183	0.000000	0.000399	0.000421	0.000000	0.000004	0.000001	0.000000	0.000000	0.000001	0.000000	0.000000	0.000000	0.000000	0.000000	0.000000	0.000000	0.000000
42	F	O	0.999219	0.000000	0.000351	0.000433	0.000000	0.000003	0.000001	0.000000	0.000000	0.000001	0.000000	0.000000	0.000000	0.000000	0.000000	0.000000	0.000000	0.000000
43	L	O	0.999264	0.000000	0.000304	0.000438	0.000000	0.000003	0.000001	0.000000	0.000000	0.000000	0.000000	0.000000	0.000000	0.000000	0.000000	0.000000	0.000000	0.000000
44	S	O	0.999306	0.000000	0.000247	0.000455	0.000000	0.000002	0.000001	0.000000	0.000000	0.000000	0.000000	0.000000	0.000000	0.000000	0.000000	0.000000	0.000000	0.000000
45	V	O	0.999357	0.000000	0.000199	0.000451	0.000000	0.000001	0.000001	0.000000	0.000000	0.000000	0.000000	0.000000	0.000000	0.000000	0.000000	0.000000	0.000000	0.000000
46	L	O	0.999410	0.000000	0.000145	0.000453	0.000000	0.000001	0.000000	0.000000	0.000000	0.000000	0.000000	0.000000	0.000000	0.000000	0.000000	0.000000	0.000000	0.000000
47	H	O	0.999456	0.000000	0.000091	0.000457	0.000000	0.000001	0.000000	0.000000	0.000000	0.000000	0.000000	0.000000	0.000000	0.000000	0.000000	0.000000	0.000000	0.000000
48	F	O	0.999518	0.000000	0.000057	0.000429	0.000000	0.000000	0.000000	0.000000	0.000000	0.000000	0.000000	0.000000	0.000000	0.000000	0.000000	0.000000	0.000000	0.000000
49	K	O	0.999594	0.000000	0.000035	0.000376	0.000000	0.000000	0.000000	0.000000	0.000000	0.000000	0.000000	0.000000	0.000000	0.000000	0.000000	0.000000	0.000000	0.000000
50	E	O	0.999663	0.000000	0.000021	0.000320	0.000000	0.000000	0.000000	0.000000	0.000000	0.000000	0.000000	0.000000	0.000000	0.000000	0.000000	0.000000	0.000000	0.000000
51	S	O	0.999732	0.000000	0.000013	0.000260	0.000000	0.000000	0.000000	0.000000	0.000000	0.000000	0.000000	0.000000	0.000000	0.000000	0.000000	0.000000	0.000000	0.000000
52	L	O	0.999796	0.000000	0.000008	0.000201	0.000000	0.000000	0.000000	0.000000	0.000000	0.000000	0.000000	0.000000	0.000000	0.000000	0.000000	0.000000	0.000000	0.000000
53	G	O	0.999847	0.000000	0.000004	0.000149	0.000000	0.000000	0.000000	0.000000	0.000000	0.000000	0.000000	0.000000	0.000000	0.000000	0.000000	0.000000	0.000000	0.000000
54	I	O	0.999901	0.000000	0.000003	0.000099	0.000000	0.000000	0.000000	0.000000	0.000000	0.000000	0.000000	0.000000	0.000000	0.000000	0.000000	0.000000	0.000000	0.000000
55	K	O	0.999931	0.000000	0.000002	0.000066	0.000000	0.000000	0.000000	0.000000	0.000000	0.000000	0.000000	0.000000	0.000000	0.000000	0.000000	0.000000	0.000000	0.000000
56	N	O	0.999957	0.000000	0.000001	0.000044	0.000000	0.000000	0.000000	0.000000	0.000000	0.000000	0.000000	0.000000	0.000000	0.000000	0.000000	0.000000	0.000000	0.000000
57	E	O	0.999971	0.000000	0.000001	0.000029	0.000000	0.000000	0.000000	0.000000	0.000000	0.000000	0.000000	0.000000	0.000000	0.000000	0.000000	0.000000	0.000000	0.000000
58	K	O	0.999982	0.000000	0.000000	0.000019	0.000000	0.000000	0.000000	0.000000	0.000000	0.000000	0.000000	0.000000	0.000000	0.000000	0.000000	0.000001	0.000000	0.000000
59	T	O	0.999984	0.000000	0.000000	0.000013	0.000000	0.000000	0.000000	0.000001	0.000000	0.000000	0.000000	0.000000	0.000000	0.000000	0.000000	0.000001	0.000000	0.000000
60	M	O	0.999985	0.000000	0.000000	0.000009	0.000000	0.000000	0.000000	0.000001	0.000000	0.000000	0.000001	0.000000	0.000000	0.000000	0.000000	0.000001	0.000000	0.000000
61	I	O	0.999987	0.000000	0.000000	0.000005	0.000000	0.000001	0.000000	0.000001	0.000000	0.000001	0.000001	0.000000	0.000000	0.000000	0.000000	0.000001	0.000000	0.000000
62	L	O	0.999984	0.000000	0.000000	0.000003	0.000000	0.000001	0.000000	0.000002	0.000000	0.000001	0.000001	0.000000	0.000000	0.000000	0.000000	0.000002	0.000001	0.000001
63	M	O	0.999983	0.000000	0.000000	0.000002	0.000001	0.000001	0.000000	0.000002	0.000000	0.000002	0.000002	0.000000	0.000000	0.000000	0.000000	0.000002	0.000001	0.000001
64	K	O	0.999981	0.000000	0.000000	0.000001	0.000001	0.000001	0.000001	0.000003	0.000000	0.000002	0.000002	0.000000	0.000000	0.000000	0.000000	0.000003	0.000001	0.000001
65	E	O	0.999974	0.000000	0.000000	0.000001	0.000001	0.000002	0.000001	0.000003	0.000000	0.000004	0.000004	0.000000	0.000000	0.000001	0.000001	0.000004	0.000002	0.000001
66	H	O	0.999968	0.000000	0.000000	0.000000	0.000000	0.000002	0.000001	0.000004	0.000000	0.000006	0.000006	0.000000	0.000000	0.000001	0.000001	0.000004	0.000003	0.000002
67	F	O	0.999961	0.000000	0.000000	0.000000	0.000000	0.000002	0.000001	0.000002	0.000000	0.000008	0.000010	0.000000	0.000000	0.000001	0.000002	0.000003	0.000005	0.000004
68	Y	O	0.999959	0.000000	0.000000	0.000000	0.000000	0.000002	0.000002	0.000000	0.000000	0.000007	0.000015	0.000000	0.000000	0.000002	0.000003	0.000000	0.000005	0.000006
69	Q	O	0.999961	0.000000	0.000000	0.000000	0.000000	0.000000	0.000004	0.000000	0.000000	0.000000	0.000020	0.000000	0.000000	0.000000	0.000006	0.000000	0.000000	0.000009
70	A	O	1.000000	0.000000	0.000000	0.000000	0.000000	0.000000	0.000000	0.000000	0.000000	0.000000	0.000000	0.000000	0.000000	0.000000	0.000000	0.000000	0.000000	0.000000
