# Name=WP_011819105.1 trypsin-like peptidase domain-containing protein [Prochlorococcus marinus]
# pos	aa	label	Other	Sec/SPI n	Sec/SPI h	Sec/SPI c	Sec/SPII n	Sec/SPII h	Sec/SPII cys	Tat/SPI n	Tat/SPI RR	Tat/SPI h	Tat/SPI c	Tat/SPII n	Tat/SPII RR	Tat/SPII h	Tat/SPII cys	Sec/SPIII P	Sec/SPIII cons.	Sec/SPIII h
1	M	N	0.226447	0.721323	0.000000	0.000000	0.052063	0.000000	0.000000	0.000002	0.000000	0.000000	0.000000	0.000000	0.000000	0.000000	0.000000	0.000124	0.000000	0.000000
2	K	N	0.226447	0.704034	0.017290	0.000000	0.050385	0.001677	0.000000	0.000001	0.000000	0.000000	0.000000	0.000000	0.000000	0.000000	0.000000	0.000113	0.000011	0.000000
3	Y	N	0.226447	0.619428	0.101888	0.000009	0.043332	0.008731	0.000000	0.000001	0.000000	0.000000	0.000000	0.000000	0.000000	0.000000	0.000000	0.000099	0.000018	0.000007
4	L	N	0.226456	0.572589	0.148675	0.000065	0.038558	0.013498	0.000007	0.000001	0.000000	0.000000	0.000000	0.000000	0.000000	0.000000	0.000000	0.000086	0.000020	0.000013
5	K	N	0.226493	0.544201	0.176981	0.000131	0.035485	0.016505	0.000066	0.000001	0.000000	0.000000	0.000000	0.000000	0.000000	0.000000	0.000000	0.000075	0.000020	0.000014
6	I	N	0.226620	0.487335	0.233794	0.000133	0.030239	0.021614	0.000137	0.000001	0.000000	0.000000	0.000000	0.000000	0.000000	0.000000	0.000000	0.000060	0.000026	0.000012
7	K	N	0.226819	0.427103	0.293976	0.000127	0.024866	0.026751	0.000236	0.000001	0.000000	0.000000	0.000000	0.000000	0.000000	0.000000	0.000000	0.000042	0.000035	0.000012
8	F	H	0.227129	0.178220	0.542845	0.000073	0.009456	0.041827	0.000334	0.000001	0.000000	0.000001	0.000000	0.000000	0.000000	0.000000	0.000000	0.000016	0.000048	0.000018
9	I	H	0.227504	0.072743	0.648294	0.000068	0.003759	0.047245	0.000279	0.000000	0.000000	0.000001	0.000000	0.000000	0.000000	0.000000	0.000000	0.000005	0.000038	0.000033
10	N	H	0.227826	0.036148	0.684845	0.000084	0.001766	0.048762	0.000476	0.000000	0.000000	0.000001	0.000000	0.000000	0.000000	0.000000	0.000000	0.000002	0.000024	0.000039
11	L	H	0.228357	0.009882	0.711078	0.000069	0.000520	0.049249	0.000760	0.000000	0.000000	0.000001	0.000000	0.000000	0.000000	0.000000	0.000000	0.000000	0.000013	0.000042
12	I	H	0.229159	0.002847	0.718073	0.000077	0.000167	0.048875	0.000726	0.000000	0.000000	0.000001	0.000000	0.000000	0.000000	0.000000	0.000000	0.000000	0.000006	0.000041
13	Q	H	0.229928	0.000884	0.719971	0.000104	0.000059	0.048057	0.000925	0.000000	0.000000	0.000001	0.000000	0.000000	0.000000	0.000000	0.000000	0.000000	0.000003	0.000037
14	I	H	0.230906	0.000212	0.720575	0.000128	0.000018	0.046800	0.001298	0.000000	0.000000	0.000001	0.000000	0.000000	0.000000	0.000000	0.000000	0.000000	0.000001	0.000034
15	F	H	0.232262	0.000054	0.720614	0.000194	0.000006	0.045451	0.001361	0.000000	0.000000	0.000001	0.000000	0.000000	0.000000	0.000000	0.000000	0.000000	0.000000	0.000030
16	I	H	0.233691	0.000013	0.720449	0.000335	0.000002	0.043868	0.001587	0.000000	0.000000	0.000001	0.000000	0.000000	0.000000	0.000000	0.000000	0.000000	0.000000	0.000027
17	V	H	0.235355	0.000003	0.720004	0.000719	0.000001	0.041766	0.002103	0.000000	0.000000	0.000001	0.000000	0.000000	0.000000	0.000000	0.000000	0.000000	0.000000	0.000024
18	I	H	0.237571	0.000001	0.719109	0.001502	0.000000	0.038475	0.003291	0.000000	0.000000	0.000001	0.000000	0.000000	0.000000	0.000000	0.000000	0.000000	0.000000	0.000022
19	C	H	0.241020	0.000000	0.717459	0.002999	0.000000	0.032370	0.006106	0.000000	0.000000	0.000001	0.000000	0.000000	0.000000	0.000000	0.000000	0.000000	0.000000	0.000019
20	F	H	0.247368	0.000000	0.714750	0.005468	0.000000	0.025987	0.006383	0.000000	0.000000	0.000001	0.000000	0.000000	0.000000	0.000000	0.000000	0.000000	0.000000	0.000017
21	C	H	0.254053	0.000000	0.709615	0.010300	0.000000	0.018947	0.007040	0.000000	0.000000	0.000001	0.000000	0.000000	0.000000	0.000000	0.000000	0.000000	0.000000	0.000014
22	I	H	0.261510	0.000000	0.700716	0.018786	0.000000	0.013767	0.005180	0.000000	0.000000	0.000001	0.000000	0.000000	0.000000	0.000000	0.000000	0.000000	0.000000	0.000013
23	L	H	0.267178	0.000000	0.682784	0.036230	0.000000	0.010046	0.003721	0.000000	0.000000	0.000001	0.000000	0.000000	0.000000	0.000000	0.000000	0.000000	0.000000	0.000011
24	N	H	0.271382	0.000000	0.642945	0.075584	0.000000	0.007234	0.002812	0.000000	0.000000	0.000001	0.000000	0.000000	0.000000	0.000000	0.000000	0.000000	0.000000	0.000009
25	F	H	0.275138	0.000000	0.587005	0.130584	0.000000	0.004432	0.002802	0.000000	0.000000	0.000001	0.000000	0.000000	0.000000	0.000000	0.000000	0.000000	0.000000	0.000007
26	F	H	0.278689	0.000000	0.434451	0.282392	0.000000	0.002242	0.002190	0.000000	0.000000	0.000001	0.000000	0.000000	0.000000	0.000000	0.000000	0.000000	0.000000	0.000005
27	Q	C	0.281903	0.000000	0.124066	0.591753	0.000000	0.001085	0.001157	0.000000	0.000000	0.000001	0.000001	0.000000	0.000000	0.000000	0.000000	0.000000	0.000000	0.000002
28	D	C	0.287054	0.000000	0.049867	0.661964	0.000000	0.000502	0.000583	0.000000	0.000000	0.000000	0.000001	0.000000	0.000000	0.000000	0.000000	0.000000	0.000000	0.000000
29	A	C	0.293118	0.000000	0.022786	0.683561	0.000000	0.000245	0.000257	0.000000	0.000000	0.000000	0.000001	0.000000	0.000000	0.000000	0.000000	0.000000	0.000000	0.000000
30	E	C	0.299045	0.000000	0.006759	0.693923	0.000000	0.000140	0.000105	0.000000	0.000000	0.000000	0.000001	0.000000	0.000000	0.000000	0.000000	0.000000	0.000000	0.000000
31	V	C	0.307612	0.000000	0.001729	0.690490	0.000000	0.000090	0.000050	0.000000	0.000000	0.000000	0.000001	0.000000	0.000000	0.000000	0.000000	0.000000	0.000000	0.000000
32	L	C	0.324459	0.000000	0.000275	0.675144	0.000000	0.000050	0.000041	0.000000	0.000000	0.000000	0.000001	0.000000	0.000000	0.000000	0.000000	0.000000	0.000000	0.000000
33	A	C	0.382923	0.000000	0.000032	0.616962	0.000000	0.000015	0.000036	0.000000	0.000000	0.000000	0.000001	0.000000	0.000000	0.000000	0.000000	0.000000	0.000000	0.000000
34	L	O	0.928499	0.000000	0.000029	0.071426	0.000000	0.000003	0.000012	0.000000	0.000000	0.000000	0.000000	0.000000	0.000000	0.000000	0.000000	0.000000	0.000000	0.000000
35	T	O	0.960346	0.000000	0.000020	0.039597	0.000001	0.000002	0.000002	0.000000	0.000000	0.000000	0.000000	0.000000	0.000000	0.000000	0.000000	0.000000	0.000000	0.000000
36	S	O	0.974719	0.000000	0.000014	0.025232	0.000001	0.000002	0.000002	0.000000	0.000000	0.000000	0.000000	0.000000	0.000000	0.000000	0.000000	0.000000	0.000000	0.000000
37	F	O	0.983889	0.000000	0.000009	0.016067	0.000001	0.000002	0.000002	0.000000	0.000000	0.000000	0.000000	0.000000	0.000000	0.000000	0.000000	0.000000	0.000000	0.000000
38	E	O	0.989224	0.000000	0.000006	0.010736	0.000002	0.000003	0.000002	0.000000	0.000000	0.000000	0.000000	0.000000	0.000000	0.000000	0.000000	0.000001	0.000000	0.000000
39	S	O	0.992565	0.000000	0.000004	0.007394	0.000003	0.000004	0.000002	0.000000	0.000000	0.000000	0.000000	0.000000	0.000000	0.000000	0.000000	0.000001	0.000000	0.000000
40	H	O	0.994743	0.000000	0.000003	0.005218	0.000003	0.000005	0.000003	0.000000	0.000000	0.000000	0.000000	0.000000	0.000000	0.000000	0.000000	0.000001	0.000000	0.000000
41	N	O	0.996080	0.000000	0.000002	0.003878	0.000004	0.000006	0.000004	0.000001	0.000000	0.000000	0.000001	0.000000	0.000000	0.000000	0.000000	0.000001	0.000001	0.000001
42	F	O	0.997087	0.000000	0.000001	0.002871	0.000005	0.000008	0.000004	0.000001	0.000000	0.000001	0.000001	0.000000	0.000000	0.000000	0.000000	0.000002	0.000001	0.000001
43	V	O	0.997823	0.000000	0.000001	0.002131	0.000005	0.000010	0.000006	0.000001	0.000000	0.000001	0.000001	0.000000	0.000000	0.000000	0.000000	0.000002	0.000001	0.000001
44	S	O	0.998408	0.000000	0.000000	0.001541	0.000006	0.000012	0.000007	0.000001	0.000000	0.000001	0.000001	0.000000	0.000000	0.000000	0.000000	0.000002	0.000001	0.000001
45	S	O	0.998866	0.000000	0.000000	0.001084	0.000006	0.000013	0.000008	0.000001	0.000000	0.000001	0.000002	0.000000	0.000000	0.000000	0.000000	0.000003	0.000001	0.000001
46	A	O	0.999202	0.000000	0.000000	0.000741	0.000007	0.000015	0.000010	0.000002	0.000000	0.000001	0.000002	0.000000	0.000000	0.000000	0.000000	0.000003	0.000001	0.000002
47	V	O	0.999438	0.000000	0.000000	0.000505	0.000008	0.000016	0.000011	0.000002	0.000000	0.000002	0.000003	0.000000	0.000000	0.000000	0.000000	0.000003	0.000002	0.000002
48	K	O	0.999591	0.000000	0.000000	0.000340	0.000009	0.000018	0.000013	0.000002	0.000000	0.000002	0.000003	0.000000	0.000000	0.000000	0.000000	0.000004	0.000002	0.000002
49	N	O	0.999694	0.000000	0.000000	0.000225	0.000010	0.000021	0.000015	0.000003	0.000000	0.000003	0.000004	0.000000	0.000000	0.000000	0.000000	0.000005	0.000002	0.000003
50	I	O	0.999762	0.000000	0.000000	0.000148	0.000011	0.000025	0.000018	0.000004	0.000000	0.000003	0.000005	0.000000	0.000000	0.000000	0.000000	0.000006	0.000003	0.000003
51	G	O	0.999800	0.000000	0.000000	0.000095	0.000012	0.000030	0.000022	0.000005	0.000000	0.000004	0.000007	0.000000	0.000000	0.000000	0.000001	0.000007	0.000004	0.000004
52	P	O	0.999820	0.000000	0.000000	0.000060	0.000014	0.000033	0.000026	0.000006	0.000001	0.000005	0.000008	0.000000	0.000000	0.000000	0.000001	0.000008	0.000004	0.000005
53	A	O	0.999827	0.000000	0.000000	0.000037	0.000015	0.000038	0.000031	0.000007	0.000001	0.000007	0.000010	0.000000	0.000000	0.000001	0.000001	0.000009	0.000005	0.000006
54	V	O	0.999819	0.000000	0.000000	0.000022	0.000017	0.000042	0.000036	0.000009	0.000001	0.000009	0.000012	0.000000	0.000000	0.000001	0.000001	0.000010	0.000006	0.000007
55	V	O	0.999807	0.000000	0.000000	0.000013	0.000020	0.000047	0.000040	0.000011	0.000001	0.000011	0.000016	0.000000	0.000000	0.000001	0.000002	0.000013	0.000007	0.000008
56	K	O	0.999778	0.000000	0.000000	0.000007	0.000024	0.000052	0.000049	0.000014	0.000001	0.000013	0.000020	0.000000	0.000000	0.000001	0.000002	0.000016	0.000008	0.000010
57	I	O	0.999741	0.000000	0.000000	0.000004	0.000027	0.000060	0.000056	0.000018	0.000002	0.000017	0.000024	0.000000	0.000000	0.000002	0.000003	0.000020	0.000010	0.000012
58	D	O	0.999674	0.000000	0.000000	0.000002	0.000034	0.000073	0.000067	0.000024	0.000002	0.000022	0.000033	0.000001	0.000000	0.000002	0.000005	0.000027	0.000012	0.000015
59	T	O	0.999586	0.000000	0.000000	0.000001	0.000040	0.000089	0.000083	0.000033	0.000003	0.000030	0.000045	0.000001	0.000000	0.000003	0.000007	0.000035	0.000016	0.000019
60	E	O	0.999470	0.000000	0.000000	0.000001	0.000048	0.000111	0.000101	0.000045	0.000005	0.000041	0.000062	0.000001	0.000000	0.000004	0.000009	0.000047	0.000021	0.000025
61	R	O	0.999307	0.000000	0.000000	0.000001	0.000056	0.000135	0.000134	0.000061	0.000006	0.000055	0.000090	0.000001	0.000000	0.000006	0.000013	0.000062	0.000029	0.000034
62	L	O	0.999129	0.000000	0.000000	0.000000	0.000058	0.000168	0.000159	0.000079	0.000007	0.000080	0.000121	0.000002	0.000000	0.000009	0.000018	0.000077	0.000041	0.000045
63	V	O	0.998892	0.000000	0.000000	0.000000	0.000057	0.000205	0.000205	0.000097	0.000008	0.000108	0.000172	0.000002	0.000000	0.000012	0.000026	0.000093	0.000054	0.000062
64	E	O	0.998656	0.000000	0.000000	0.000000	0.000052	0.000230	0.000255	0.000109	0.000009	0.000138	0.000235	0.000002	0.000000	0.000016	0.000036	0.000110	0.000067	0.000082
65	R	O	0.998389	0.000000	0.000000	0.000000	0.000040	0.000246	0.000319	0.000119	0.000009	0.000168	0.000318	0.000002	0.000000	0.000021	0.000050	0.000122	0.000086	0.000106
66	Q	O	0.998108	0.000000	0.000000	0.000000	0.000018	0.000263	0.000378	0.000119	0.000006	0.000217	0.000414	0.000002	0.000000	0.000028	0.000072	0.000120	0.000112	0.000140
67	Q	O	0.997772	0.000000	0.000000	0.000000	0.000000	0.000245	0.000491	0.000087	0.000000	0.000260	0.000587	0.000000	0.000000	0.000036	0.000106	0.000087	0.000141	0.000189
68	F	O	0.997571	0.000000	0.000000	0.000000	0.000000	0.000140	0.000635	0.000000	0.000000	0.000254	0.000796	0.000000	0.000000	0.000041	0.000154	0.000000	0.000164	0.000245
69	D	O	0.997722	0.000000	0.000000	0.000000	0.000000	0.000000	0.000574	0.000000	0.000000	0.000000	0.001057	0.000000	0.000000	0.000000	0.000287	0.000000	0.000000	0.000358
70	P	O	1.000000	0.000000	0.000000	0.000000	0.000000	0.000000	0.000000	0.000000	0.000000	0.000000	0.000000	0.000000	0.000000	0.000000	0.000000	0.000000	0.000000	0.000000
