# Name=WP_011818120.1 N-acetylmuramoyl-L-alanine amidase [Prochlorococcus marinus]
# pos	aa	label	Other	Sec/SPI n	Sec/SPI h	Sec/SPI c	Sec/SPII n	Sec/SPII h	Sec/SPII cys	Tat/SPI n	Tat/SPI RR	Tat/SPI h	Tat/SPI c	Tat/SPII n	Tat/SPII RR	Tat/SPII h	Tat/SPII cys	Sec/SPIII P	Sec/SPIII cons.	Sec/SPIII h
1	M	N	0.062125	0.927810	0.000000	0.000000	0.009946	0.000000	0.000000	0.000061	0.000000	0.000000	0.000000	0.000001	0.000000	0.000000	0.000000	0.000001	0.000000	0.000000
2	I	N	0.062125	0.915966	0.011842	0.000000	0.009683	0.000263	0.000000	0.000053	0.000007	0.000001	0.000000	0.000001	0.000000	0.000000	0.000000	0.000001	0.000000	0.000000
3	K	N	0.062125	0.884188	0.043620	0.000004	0.009095	0.000851	0.000000	0.000050	0.000009	0.000002	0.000000	0.000001	0.000000	0.000000	0.000000	0.000001	0.000000	0.000000
4	F	N	0.062126	0.807850	0.119956	0.000009	0.007727	0.002217	0.000002	0.000048	0.000009	0.000004	0.000000	0.000001	0.000000	0.000000	0.000000	0.000001	0.000000	0.000000
5	L	N	0.062130	0.776931	0.150852	0.000028	0.007082	0.002859	0.000002	0.000048	0.000007	0.000007	0.000000	0.000001	0.000000	0.000000	0.000000	0.000001	0.000000	0.000000
6	E	N	0.062141	0.754782	0.172971	0.000049	0.006647	0.003284	0.000010	0.000042	0.000010	0.000009	0.000000	0.000001	0.000000	0.000000	0.000000	0.000001	0.000000	0.000000
7	N	N	0.062166	0.721252	0.206484	0.000053	0.006115	0.003791	0.000025	0.000036	0.000012	0.000013	0.000000	0.000001	0.000000	0.000000	0.000000	0.000000	0.000000	0.000000
8	K	N	0.062211	0.629121	0.298607	0.000041	0.005000	0.004857	0.000049	0.000028	0.000014	0.000019	0.000000	0.000001	0.000000	0.000000	0.000000	0.000000	0.000000	0.000000
9	L	H	0.062285	0.218973	0.708749	0.000018	0.001756	0.008072	0.000029	0.000026	0.000006	0.000029	0.000000	0.000001	0.000000	0.000001	0.000000	0.000000	0.000000	0.000000
10	L	H	0.062325	0.069766	0.857953	0.000014	0.000617	0.009191	0.000019	0.000017	0.000006	0.000038	0.000000	0.000000	0.000000	0.000001	0.000000	0.000000	0.000000	0.000000
11	H	H	0.062351	0.026218	0.901490	0.000019	0.000257	0.009513	0.000038	0.000013	0.000005	0.000044	0.000000	0.000000	0.000000	0.000001	0.000000	0.000000	0.000000	0.000000
12	Y	H	0.062399	0.006372	0.921328	0.000018	0.000077	0.009624	0.000070	0.000010	0.000003	0.000048	0.000000	0.000000	0.000000	0.000001	0.000000	0.000000	0.000000	0.000000
13	L	H	0.062477	0.001937	0.925745	0.000024	0.000027	0.009589	0.000085	0.000008	0.000003	0.000051	0.000000	0.000000	0.000000	0.000001	0.000000	0.000000	0.000000	0.000000
14	S	H	0.062571	0.000716	0.926940	0.000045	0.000011	0.009494	0.000111	0.000006	0.000002	0.000053	0.000000	0.000000	0.000000	0.000001	0.000000	0.000000	0.000000	0.000000
15	V	H	0.062697	0.000240	0.927378	0.000070	0.000004	0.009338	0.000162	0.000005	0.000001	0.000055	0.000000	0.000000	0.000000	0.000001	0.000000	0.000000	0.000000	0.000000
16	F	H	0.062877	0.000081	0.927456	0.000134	0.000002	0.009142	0.000199	0.000004	0.000001	0.000056	0.000000	0.000000	0.000000	0.000001	0.000000	0.000000	0.000000	0.000000
17	L	H	0.063097	0.000028	0.927329	0.000301	0.000001	0.008899	0.000244	0.000003	0.000001	0.000057	0.000000	0.000000	0.000000	0.000001	0.000000	0.000000	0.000000	0.000000
18	F	H	0.063365	0.000011	0.926805	0.000820	0.000000	0.008627	0.000272	0.000002	0.000001	0.000058	0.000000	0.000000	0.000000	0.000001	0.000000	0.000000	0.000000	0.000000
19	L	H	0.063665	0.000005	0.925061	0.002541	0.000000	0.008325	0.000302	0.000002	0.000001	0.000058	0.000000	0.000000	0.000000	0.000001	0.000000	0.000000	0.000000	0.000000
20	N	H	0.064001	0.000003	0.919347	0.008222	0.000000	0.007897	0.000428	0.000001	0.000000	0.000059	0.000001	0.000000	0.000000	0.000001	0.000000	0.000000	0.000000	0.000000
21	S	H	0.064509	0.000001	0.911998	0.015494	0.000000	0.007065	0.000833	0.000001	0.000000	0.000058	0.000001	0.000000	0.000000	0.000001	0.000000	0.000000	0.000000	0.000000
22	S	H	0.065431	0.000001	0.897592	0.029811	0.000000	0.005436	0.001629	0.000001	0.000000	0.000058	0.000002	0.000000	0.000000	0.000001	0.000000	0.000000	0.000000	0.000000
23	I	H	0.067154	0.000000	0.870507	0.056797	0.000000	0.004088	0.001349	0.000001	0.000000	0.000056	0.000004	0.000000	0.000000	0.000001	0.000000	0.000000	0.000000	0.000000
24	F	H	0.068577	0.000000	0.794725	0.132505	0.000000	0.003193	0.000895	0.000000	0.000000	0.000052	0.000009	0.000000	0.000000	0.000000	0.000000	0.000000	0.000000	0.000000
25	P	H	0.069526	0.000000	0.518619	0.408562	0.000000	0.002126	0.001067	0.000000	0.000000	0.000041	0.000020	0.000000	0.000000	0.000000	0.000000	0.000000	0.000000	0.000000
26	V	H	0.070982	0.000000	0.364719	0.562076	0.000000	0.001322	0.000804	0.000000	0.000000	0.000032	0.000029	0.000000	0.000000	0.000000	0.000000	0.000000	0.000000	0.000000
27	K	C	0.072020	0.000000	0.049754	0.876806	0.000000	0.000651	0.000671	0.000000	0.000000	0.000013	0.000048	0.000000	0.000000	0.000000	0.000000	0.000000	0.000000	0.000000
28	S	C	0.074066	0.000000	0.007654	0.917533	0.000000	0.000282	0.000369	0.000000	0.000000	0.000005	0.000055	0.000000	0.000000	0.000000	0.000000	0.000000	0.000000	0.000000
29	S	C	0.085324	0.000000	0.003078	0.911219	0.000000	0.000120	0.000162	0.000000	0.000000	0.000003	0.000055	0.000000	0.000000	0.000000	0.000000	0.000000	0.000000	0.000000
30	S	C	0.096134	0.000000	0.000810	0.902839	0.000000	0.000053	0.000067	0.000000	0.000000	0.000002	0.000054	0.000000	0.000000	0.000000	0.000000	0.000000	0.000000	0.000000
31	A	C	0.116008	0.000000	0.000129	0.883716	0.000000	0.000025	0.000027	0.000000	0.000000	0.000001	0.000052	0.000000	0.000000	0.000000	0.000000	0.000000	0.000000	0.000000
32	L	C	0.212203	0.000000	0.000048	0.787638	0.000000	0.000010	0.000016	0.000000	0.000000	0.000000	0.000044	0.000000	0.000000	0.000000	0.000000	0.000000	0.000000	0.000000
33	A	C	0.295704	0.000000	0.000003	0.704211	0.000000	0.000003	0.000007	0.000000	0.000000	0.000000	0.000037	0.000000	0.000000	0.000000	0.000000	0.000000	0.000000	0.000000
34	A	O	0.941149	0.000000	0.000002	0.058806	0.000000	0.000001	0.000002	0.000000	0.000000	0.000000	0.000006	0.000000	0.000000	0.000000	0.000000	0.000000	0.000000	0.000000
35	W	O	0.973987	0.000000	0.000001	0.025969	0.000000	0.000000	0.000001	0.000000	0.000000	0.000000	0.000002	0.000000	0.000000	0.000000	0.000000	0.000000	0.000000	0.000000
36	A	O	0.986945	0.000000	0.000001	0.013018	0.000000	0.000000	0.000000	0.000000	0.000000	0.000000	0.000001	0.000000	0.000000	0.000000	0.000000	0.000000	0.000000	0.000000
37	I	O	0.994260	0.000000	0.000001	0.005710	0.000000	0.000000	0.000000	0.000000	0.000000	0.000000	0.000000	0.000000	0.000000	0.000000	0.000000	0.000000	0.000000	0.000000
38	N	O	0.996428	0.000000	0.000000	0.003540	0.000000	0.000000	0.000000	0.000000	0.000000	0.000000	0.000000	0.000000	0.000000	0.000000	0.000000	0.000000	0.000000	0.000000
39	N	O	0.997720	0.000000	0.000000	0.002253	0.000000	0.000001	0.000000	0.000000	0.000000	0.000000	0.000000	0.000000	0.000000	0.000000	0.000000	0.000000	0.000000	0.000000
40	N	O	0.998513	0.000000	0.000000	0.001457	0.000000	0.000001	0.000001	0.000000	0.000000	0.000000	0.000000	0.000000	0.000000	0.000000	0.000000	0.000000	0.000000	0.000000
41	G	O	0.999017	0.000000	0.000000	0.000953	0.000000	0.000001	0.000001	0.000000	0.000000	0.000000	0.000000	0.000000	0.000000	0.000000	0.000000	0.000000	0.000000	0.000000
42	V	O	0.999361	0.000000	0.000000	0.000611	0.000001	0.000001	0.000001	0.000000	0.000000	0.000000	0.000000	0.000000	0.000000	0.000000	0.000000	0.000000	0.000000	0.000000
43	L	O	0.999574	0.000000	0.000000	0.000393	0.000001	0.000002	0.000001	0.000000	0.000000	0.000000	0.000001	0.000000	0.000000	0.000000	0.000000	0.000000	0.000000	0.000000
44	E	O	0.999723	0.000000	0.000000	0.000250	0.000001	0.000002	0.000001	0.000001	0.000000	0.000000	0.000001	0.000000	0.000000	0.000000	0.000000	0.000000	0.000000	0.000000
45	L	O	0.999818	0.000000	0.000000	0.000155	0.000001	0.000002	0.000002	0.000001	0.000000	0.000001	0.000001	0.000000	0.000000	0.000000	0.000000	0.000000	0.000000	0.000000
46	R	O	0.999874	0.000000	0.000000	0.000097	0.000001	0.000003	0.000002	0.000001	0.000000	0.000001	0.000001	0.000000	0.000000	0.000000	0.000000	0.000000	0.000000	0.000000
47	T	O	0.999906	0.000000	0.000000	0.000061	0.000001	0.000003	0.000003	0.000001	0.000000	0.000001	0.000002	0.000000	0.000000	0.000000	0.000000	0.000000	0.000000	0.000000
48	K	O	0.999934	0.000000	0.000000	0.000038	0.000002	0.000004	0.000003	0.000001	0.000000	0.000001	0.000002	0.000000	0.000000	0.000000	0.000000	0.000001	0.000000	0.000000
49	S	O	0.999944	0.000000	0.000000	0.000024	0.000002	0.000004	0.000004	0.000002	0.000000	0.000002	0.000003	0.000000	0.000000	0.000000	0.000000	0.000001	0.000000	0.000000
50	N	O	0.999951	0.000000	0.000000	0.000015	0.000003	0.000006	0.000005	0.000003	0.000000	0.000002	0.000003	0.000000	0.000000	0.000000	0.000000	0.000001	0.000000	0.000000
51	T	O	0.999949	0.000000	0.000000	0.000010	0.000003	0.000007	0.000006	0.000003	0.000000	0.000003	0.000005	0.000000	0.000000	0.000000	0.000000	0.000001	0.000001	0.000001
52	N	O	0.999941	0.000000	0.000000	0.000006	0.000004	0.000008	0.000007	0.000004	0.000000	0.000004	0.000006	0.000000	0.000000	0.000000	0.000000	0.000001	0.000001	0.000001
53	L	O	0.999937	0.000000	0.000000	0.000004	0.000004	0.000010	0.000009	0.000005	0.000001	0.000005	0.000008	0.000000	0.000000	0.000000	0.000000	0.000002	0.000001	0.000001
54	K	O	0.999931	0.000000	0.000000	0.000002	0.000005	0.000012	0.000011	0.000007	0.000001	0.000006	0.000011	0.000000	0.000000	0.000000	0.000001	0.000002	0.000001	0.000001
55	A	O	0.999918	0.000000	0.000000	0.000001	0.000006	0.000014	0.000013	0.000009	0.000001	0.000008	0.000013	0.000000	0.000000	0.000000	0.000001	0.000003	0.000001	0.000002
56	Y	O	0.999902	0.000000	0.000000	0.000001	0.000006	0.000016	0.000016	0.000011	0.000001	0.000011	0.000016	0.000000	0.000000	0.000000	0.000001	0.000004	0.000002	0.000002
57	F	O	0.999890	0.000000	0.000000	0.000001	0.000007	0.000019	0.000019	0.000013	0.000001	0.000013	0.000022	0.000000	0.000000	0.000001	0.000001	0.000005	0.000002	0.000003
58	Q	O	0.999864	0.000000	0.000000	0.000000	0.000008	0.000022	0.000023	0.000016	0.000002	0.000017	0.000028	0.000000	0.000000	0.000001	0.000002	0.000006	0.000003	0.000004
59	K	O	0.999827	0.000000	0.000000	0.000000	0.000009	0.000026	0.000029	0.000022	0.000002	0.000021	0.000039	0.000000	0.000000	0.000001	0.000002	0.000009	0.000004	0.000005
60	T	O	0.999788	0.000000	0.000000	0.000000	0.000010	0.000031	0.000034	0.000028	0.000003	0.000029	0.000049	0.000000	0.000000	0.000002	0.000003	0.000011	0.000006	0.000006
61	N	O	0.999723	0.000000	0.000000	0.000000	0.000012	0.000036	0.000042	0.000037	0.000003	0.000037	0.000069	0.000000	0.000000	0.000002	0.000005	0.000015	0.000007	0.000009
62	Q	O	0.999645	0.000000	0.000000	0.000000	0.000012	0.000042	0.000052	0.000046	0.000004	0.000049	0.000092	0.000001	0.000000	0.000003	0.000007	0.000020	0.000010	0.000012
63	I	O	0.999549	0.000000	0.000000	0.000000	0.000012	0.000050	0.000063	0.000058	0.000005	0.000067	0.000122	0.000001	0.000000	0.000004	0.000010	0.000024	0.000015	0.000016
64	S	O	0.999418	0.000000	0.000000	0.000000	0.000011	0.000059	0.000078	0.000071	0.000005	0.000088	0.000168	0.000001	0.000000	0.000006	0.000014	0.000029	0.000021	0.000023
65	G	O	0.999269	0.000000	0.000000	0.000000	0.000008	0.000065	0.000102	0.000079	0.000005	0.000116	0.000229	0.000001	0.000000	0.000009	0.000021	0.000033	0.000028	0.000033
66	D	O	0.999111	0.000000	0.000000	0.000000	0.000004	0.000064	0.000128	0.000073	0.000004	0.000147	0.000305	0.000001	0.000000	0.000012	0.000031	0.000032	0.000036	0.000047
67	R	O	0.998936	0.000000	0.000000	0.000000	0.000000	0.000056	0.000157	0.000054	0.000000	0.000165	0.000426	0.000000	0.000000	0.000016	0.000047	0.000026	0.000043	0.000064
68	F	O	0.998827	0.000000	0.000000	0.000000	0.000000	0.000035	0.000181	0.000000	0.000000	0.000168	0.000561	0.000000	0.000000	0.000022	0.000070	0.000000	0.000054	0.000079
69	W	O	0.998660	0.000000	0.000000	0.000000	0.000000	0.000000	0.000202	0.000000	0.000000	0.000000	0.000807	0.000000	0.000000	0.000000	0.000188	0.000000	0.000000	0.000136
70	V	O	0.999998	0.000000	0.000000	0.000000	0.000000	0.000000	0.000000	0.000000	0.000000	0.000000	0.000000	0.000000	0.000000	0.000000	0.000000	0.000000	0.000000	0.000000
