# Name=WP_011817951.1 hypothetical protein [Prochlorococcus marinus]
# pos	aa	label	Other	Sec/SPI n	Sec/SPI h	Sec/SPI c	Sec/SPII n	Sec/SPII h	Sec/SPII cys	Tat/SPI n	Tat/SPI RR	Tat/SPI h	Tat/SPI c	Tat/SPII n	Tat/SPII RR	Tat/SPII h	Tat/SPII cys	Sec/SPIII P	Sec/SPIII cons.	Sec/SPIII h
1	M	N	0.000246	0.000133	0.000000	0.000000	0.388484	0.000000	0.000000	0.003552	0.000000	0.000000	0.000000	0.607591	0.000000	0.000000	0.000000	0.000000	0.000000	0.000000
2	F	N	0.000246	0.000127	0.000006	0.000000	0.323599	0.064886	0.000000	0.003364	0.000186	0.000001	0.000000	0.516447	0.090602	0.000539	0.000000	0.000000	0.000000	0.000000
3	S	N	0.000246	0.000120	0.000012	0.000001	0.253199	0.135288	0.000000	0.003391	0.000158	0.000002	0.000000	0.532927	0.073503	0.001158	0.000000	0.000000	0.000000	0.000000
4	K	N	0.000246	0.000115	0.000015	0.000003	0.202774	0.185674	0.000038	0.003395	0.000152	0.000004	0.000000	0.536071	0.069369	0.002142	0.000003	0.000000	0.000000	0.000000
5	F	N	0.000288	0.000110	0.000017	0.000005	0.156436	0.231929	0.000084	0.003402	0.000142	0.000007	0.000000	0.531976	0.071756	0.003841	0.000007	0.000000	0.000000	0.000000
6	A	N	0.000379	0.000106	0.000018	0.000008	0.127365	0.260909	0.000089	0.003415	0.000125	0.000011	0.000000	0.535057	0.066004	0.006505	0.000009	0.000000	0.000000	0.000000
7	T	N	0.000479	0.000101	0.000019	0.000009	0.104676	0.283487	0.000112	0.003398	0.000134	0.000020	0.000000	0.517055	0.078534	0.011970	0.000009	0.000000	0.000000	0.000000
8	R	R	0.000602	0.000097	0.000021	0.000010	0.084034	0.303538	0.000591	0.000296	0.003219	0.000035	0.000000	0.109527	0.476348	0.021662	0.000021	0.000000	0.000000	0.000000
9	R	R	0.001215	0.000091	0.000024	0.000011	0.064564	0.322100	0.000909	0.000356	0.003151	0.000043	0.000000	0.118601	0.460292	0.028599	0.000042	0.000000	0.000000	0.000000
10	E	N	0.002169	0.000083	0.000029	0.000012	0.045337	0.341120	0.000207	0.003345	0.000077	0.000128	0.000000	0.497455	0.055514	0.054501	0.000024	0.000000	0.000000	0.000000
11	F	H	0.002402	0.000069	0.000042	0.000010	0.025763	0.360478	0.000216	0.001002	0.000139	0.002410	0.000000	0.189605	0.092896	0.324943	0.000025	0.000000	0.000000	0.000000
12	L	H	0.002644	0.000061	0.000046	0.000011	0.018436	0.367675	0.000131	0.000520	0.000129	0.002898	0.000004	0.140910	0.075500	0.391017	0.000020	0.000000	0.000000	0.000000
13	N	H	0.002797	0.000057	0.000047	0.000013	0.014858	0.371024	0.000232	0.000512	0.000055	0.002970	0.000012	0.152631	0.035659	0.418963	0.000172	0.000000	0.000000	0.000000
14	C	H	0.003207	0.000047	0.000055	0.000010	0.009670	0.375698	0.000514	0.000391	0.000043	0.003097	0.000014	0.111314	0.025422	0.469973	0.000545	0.000000	0.000000	0.000000
15	G	H	0.004272	0.000037	0.000063	0.000008	0.005801	0.379262	0.000309	0.000270	0.000030	0.003224	0.000016	0.070178	0.017623	0.518427	0.000484	0.000000	0.000000	0.000000
16	K	H	0.005070	0.000029	0.000070	0.000006	0.003706	0.381005	0.000354	0.000163	0.000047	0.003306	0.000018	0.042584	0.014531	0.548590	0.000524	0.000000	0.000000	0.000000
17	L	H	0.005955	0.000018	0.000080	0.000004	0.001719	0.382720	0.000273	0.000119	0.000024	0.003366	0.000018	0.027396	0.006968	0.570772	0.000570	0.000000	0.000000	0.000000
18	S	H	0.006804	0.000011	0.000086	0.000004	0.000819	0.383448	0.000177	0.000082	0.000011	0.003405	0.000022	0.016205	0.003135	0.585089	0.000704	0.000000	0.000000	0.000000
19	L	H	0.007693	0.000006	0.000090	0.000003	0.000357	0.383657	0.000255	0.000046	0.000009	0.003429	0.000027	0.007750	0.001746	0.593928	0.001009	0.000000	0.000000	0.000000
20	L	H	0.008965	0.000003	0.000091	0.000004	0.000147	0.383620	0.000252	0.000029	0.000006	0.003427	0.000039	0.003898	0.000746	0.597370	0.001410	0.000000	0.000000	0.000000
21	F	H	0.010640	0.000001	0.000089	0.000006	0.000057	0.383378	0.000336	0.000019	0.000003	0.003397	0.000067	0.001816	0.000218	0.597485	0.002492	0.000000	0.000000	0.000000
22	F	H	0.013488	0.000000	0.000084	0.000010	0.000016	0.382958	0.000460	0.000012	0.000002	0.003328	0.000122	0.000597	0.000029	0.594422	0.004469	0.000000	0.000000	0.000000
23	L	H	0.018450	0.000000	0.000071	0.000022	0.000000	0.382400	0.000576	0.000008	0.000003	0.003157	0.000265	0.000062	0.000014	0.588514	0.006460	0.000000	0.000000	0.000000
24	N	H	0.025527	0.000000	0.000024	0.000070	0.000000	0.381914	0.000487	0.000008	0.000001	0.002519	0.000863	0.000026	0.000007	0.577053	0.011501	0.000000	0.000000	0.000000
25	S	H	0.037734	0.000000	0.000013	0.000073	0.000000	0.375557	0.006358	0.000007	0.000001	0.002143	0.001028	0.000018	0.000003	0.509274	0.067789	0.000000	0.000000	0.000000
26	C	c	0.112205	0.000000	0.000008	0.000064	0.000000	0.005118	0.370437	0.000004	0.000002	0.001862	0.000999	0.000010	0.000004	0.059470	0.449815	0.000000	0.000000	0.000000
27	S	O	0.932892	0.000000	0.000006	0.000042	0.000000	0.001148	0.003970	0.000004	0.000001	0.001516	0.000940	0.000008	0.000002	0.018701	0.040773	0.000000	0.000000	0.000000
28	N	O	0.977946	0.000000	0.000004	0.000033	0.000000	0.000300	0.000849	0.000003	0.000000	0.001164	0.000989	0.000006	0.000001	0.006635	0.012069	0.000000	0.000000	0.000000
29	L	O	0.991163	0.000000	0.000003	0.000027	0.000000	0.000082	0.000217	0.000003	0.000000	0.000865	0.001002	0.000004	0.000001	0.002302	0.004335	0.000000	0.000000	0.000000
30	P	O	0.995970	0.000000	0.000002	0.000024	0.000000	0.000031	0.000051	0.000002	0.000000	0.000575	0.001036	0.000002	0.000001	0.000915	0.001388	0.000000	0.000000	0.000000
31	N	O	0.997651	0.000000	0.000001	0.000021	0.000000	0.000013	0.000019	0.000002	0.000000	0.000362	0.001016	0.000002	0.000000	0.000376	0.000540	0.000000	0.000000	0.000000
32	K	O	0.998417	0.000000	0.000001	0.000019	0.000000	0.000006	0.000007	0.000001	0.000000	0.000203	0.000969	0.000001	0.000000	0.000144	0.000233	0.000000	0.000000	0.000000
33	V	O	0.998879	0.000000	0.000000	0.000017	0.000000	0.000003	0.000003	0.000001	0.000000	0.000118	0.000834	0.000001	0.000000	0.000057	0.000087	0.000000	0.000000	0.000000
34	K	O	0.999142	0.000000	0.000000	0.000015	0.000000	0.000002	0.000001	0.000001	0.000000	0.000056	0.000726	0.000001	0.000000	0.000025	0.000032	0.000000	0.000000	0.000000
35	I	O	0.999336	0.000000	0.000000	0.000013	0.000000	0.000001	0.000001	0.000000	0.000000	0.000025	0.000597	0.000000	0.000000	0.000011	0.000014	0.000000	0.000000	0.000000
36	A	O	0.999598	0.000000	0.000000	0.000009	0.000000	0.000000	0.000000	0.000000	0.000000	0.000013	0.000371	0.000000	0.000000	0.000005	0.000007	0.000000	0.000000	0.000000
37	L	O	0.999781	0.000000	0.000000	0.000006	0.000000	0.000000	0.000000	0.000000	0.000000	0.000008	0.000205	0.000000	0.000000	0.000002	0.000003	0.000000	0.000000	0.000000
38	Q	O	0.999876	0.000000	0.000000	0.000004	0.000000	0.000000	0.000000	0.000000	0.000000	0.000005	0.000116	0.000000	0.000000	0.000001	0.000001	0.000000	0.000000	0.000000
39	N	O	0.999932	0.000000	0.000000	0.000003	0.000000	0.000000	0.000000	0.000000	0.000000	0.000003	0.000070	0.000000	0.000000	0.000001	0.000000	0.000000	0.000000	0.000000
40	S	O	0.999962	0.000000	0.000000	0.000002	0.000000	0.000000	0.000000	0.000000	0.000000	0.000002	0.000043	0.000000	0.000000	0.000000	0.000000	0.000000	0.000000	0.000000
41	F	O	0.999979	0.000000	0.000000	0.000001	0.000000	0.000000	0.000000	0.000000	0.000000	0.000001	0.000026	0.000000	0.000000	0.000000	0.000000	0.000000	0.000000	0.000000
42	Y	O	0.999991	0.000000	0.000000	0.000001	0.000000	0.000000	0.000000	0.000000	0.000000	0.000001	0.000015	0.000000	0.000000	0.000000	0.000000	0.000000	0.000000	0.000000
43	P	O	0.999998	0.000000	0.000000	0.000001	0.000000	0.000000	0.000000	0.000000	0.000000	0.000000	0.000009	0.000000	0.000000	0.000000	0.000000	0.000000	0.000000	0.000000
44	E	O	1.000000	0.000000	0.000000	0.000000	0.000000	0.000000	0.000000	0.000000	0.000000	0.000000	0.000005	0.000000	0.000000	0.000000	0.000000	0.000000	0.000000	0.000000
45	S	O	1.000000	0.000000	0.000000	0.000000	0.000000	0.000000	0.000000	0.000000	0.000000	0.000000	0.000003	0.000000	0.000000	0.000000	0.000000	0.000000	0.000000	0.000000
46	F	O	1.000000	0.000000	0.000000	0.000000	0.000000	0.000000	0.000000	0.000000	0.000000	0.000000	0.000002	0.000000	0.000000	0.000000	0.000000	0.000000	0.000000	0.000000
47	K	O	1.000000	0.000000	0.000000	0.000000	0.000000	0.000000	0.000000	0.000000	0.000000	0.000000	0.000001	0.000000	0.000000	0.000000	0.000000	0.000000	0.000000	0.000000
48	D	O	1.000000	0.000000	0.000000	0.000000	0.000000	0.000000	0.000000	0.000000	0.000000	0.000000	0.000001	0.000000	0.000000	0.000000	0.000000	0.000000	0.000000	0.000000
49	T	O	1.000000	0.000000	0.000000	0.000000	0.000000	0.000000	0.000000	0.000000	0.000000	0.000000	0.000000	0.000000	0.000000	0.000000	0.000000	0.000000	0.000000	0.000000
50	I	O	1.000000	0.000000	0.000000	0.000000	0.000000	0.000000	0.000000	0.000000	0.000000	0.000000	0.000000	0.000000	0.000000	0.000000	0.000000	0.000000	0.000000	0.000000
51	P	O	1.000000	0.000000	0.000000	0.000000	0.000000	0.000000	0.000000	0.000000	0.000000	0.000000	0.000000	0.000000	0.000000	0.000000	0.000000	0.000000	0.000000	0.000000
52	K	O	1.000000	0.000000	0.000000	0.000000	0.000000	0.000000	0.000000	0.000000	0.000000	0.000000	0.000000	0.000000	0.000000	0.000000	0.000000	0.000000	0.000000	0.000000
53	D	O	1.000000	0.000000	0.000000	0.000000	0.000000	0.000000	0.000000	0.000000	0.000000	0.000000	0.000000	0.000000	0.000000	0.000000	0.000000	0.000000	0.000000	0.000000
54	W	O	1.000000	0.000000	0.000000	0.000000	0.000000	0.000000	0.000000	0.000000	0.000000	0.000000	0.000000	0.000000	0.000000	0.000000	0.000000	0.000000	0.000000	0.000000
55	K	O	1.000000	0.000000	0.000000	0.000000	0.000000	0.000000	0.000000	0.000000	0.000000	0.000000	0.000000	0.000000	0.000000	0.000000	0.000000	0.000000	0.000000	0.000000
56	Q	O	1.000000	0.000000	0.000000	0.000000	0.000000	0.000000	0.000000	0.000000	0.000000	0.000000	0.000000	0.000000	0.000000	0.000000	0.000000	0.000000	0.000000	0.000000
57	E	O	0.999999	0.000000	0.000000	0.000000	0.000000	0.000000	0.000000	0.000000	0.000000	0.000000	0.000000	0.000000	0.000000	0.000000	0.000000	0.000000	0.000000	0.000000
58	K	O	1.000000	0.000000	0.000000	0.000000	0.000000	0.000000	0.000000	0.000000	0.000000	0.000000	0.000000	0.000000	0.000000	0.000000	0.000000	0.000000	0.000000	0.000000
59	I	O	1.000000	0.000000	0.000000	0.000000	0.000000	0.000000	0.000000	0.000001	0.000000	0.000000	0.000000	0.000000	0.000000	0.000000	0.000000	0.000000	0.000000	0.000000
60	N	O	1.000000	0.000000	0.000000	0.000000	0.000000	0.000000	0.000000	0.000001	0.000000	0.000001	0.000001	0.000000	0.000000	0.000000	0.000000	0.000000	0.000000	0.000000
61	F	O	1.000000	0.000000	0.000000	0.000000	0.000000	0.000000	0.000000	0.000001	0.000000	0.000001	0.000001	0.000000	0.000000	0.000000	0.000000	0.000000	0.000000	0.000000
62	E	O	1.000000	0.000000	0.000000	0.000000	0.000000	0.000000	0.000000	0.000001	0.000000	0.000001	0.000001	0.000000	0.000000	0.000000	0.000000	0.000000	0.000000	0.000000
63	N	O	1.000000	0.000000	0.000000	0.000000	0.000000	0.000000	0.000000	0.000001	0.000000	0.000001	0.000001	0.000000	0.000000	0.000000	0.000000	0.000000	0.000000	0.000000
64	N	O	1.000000	0.000000	0.000000	0.000000	0.000000	0.000000	0.000000	0.000001	0.000000	0.000001	0.000001	0.000000	0.000000	0.000000	0.000000	0.000001	0.000000	0.000000
65	R	O	1.000000	0.000000	0.000000	0.000000	0.000000	0.000000	0.000000	0.000001	0.000000	0.000002	0.000002	0.000000	0.000000	0.000000	0.000000	0.000001	0.000000	0.000000
66	L	O	1.000000	0.000000	0.000000	0.000000	0.000000	0.000000	0.000000	0.000001	0.000000	0.000002	0.000002	0.000000	0.000000	0.000000	0.000000	0.000000	0.000001	0.000001
67	Q	O	0.999994	0.000000	0.000000	0.000000	0.000000	0.000000	0.000000	0.000000	0.000000	0.000002	0.000003	0.000000	0.000000	0.000000	0.000000	0.000000	0.000001	0.000001
68	E	O	0.999997	0.000000	0.000000	0.000000	0.000000	0.000000	0.000000	0.000000	0.000000	0.000001	0.000003	0.000000	0.000000	0.000000	0.000001	0.000000	0.000001	0.000001
69	N	O	1.000000	0.000000	0.000000	0.000000	0.000000	0.000000	0.000000	0.000000	0.000000	0.000000	0.000003	0.000000	0.000000	0.000000	0.000001	0.000000	0.000000	0.000001
70	R	O	1.000000	0.000000	0.000000	0.000000	0.000000	0.000000	0.000000	0.000000	0.000000	0.000000	0.000000	0.000000	0.000000	0.000000	0.000000	0.000000	0.000000	0.000000
