# Name=WP_257008952.1 MULTISPECIES: hypothetical protein [Prochlorococcus]
# pos	aa	label	Other	Sec/SPI n	Sec/SPI h	Sec/SPI c	Sec/SPII n	Sec/SPII h	Sec/SPII cys	Tat/SPI n	Tat/SPI RR	Tat/SPI h	Tat/SPI c	Tat/SPII n	Tat/SPII RR	Tat/SPII h	Tat/SPII cys	Sec/SPIII P	Sec/SPIII cons.	Sec/SPIII h
1	M	O	0.996753	0.000474	0.000000	0.000000	0.002036	0.000000	0.000000	0.000013	0.000000	0.000000	0.000000	0.000048	0.000000	0.000000	0.000000	0.000667	0.000000	0.000000
2	K	O	0.996754	0.000449	0.000025	0.000000	0.001953	0.000084	0.000000	0.000010	0.000003	0.000000	0.000000	0.000035	0.000012	0.000000	0.000000	0.000618	0.000049	0.000000
3	N	O	0.996753	0.000417	0.000054	0.000003	0.001836	0.000200	0.000000	0.000010	0.000002	0.000001	0.000000	0.000034	0.000013	0.000001	0.000000	0.000581	0.000051	0.000036
4	K	O	0.996785	0.000384	0.000081	0.000008	0.001701	0.000330	0.000005	0.000010	0.000003	0.000001	0.000000	0.000035	0.000012	0.000001	0.000000	0.000550	0.000043	0.000044
5	E	O	0.996829	0.000346	0.000113	0.000012	0.001525	0.000500	0.000007	0.000009	0.000003	0.000001	0.000000	0.000034	0.000013	0.000001	0.000000	0.000521	0.000042	0.000038
6	F	O	0.996873	0.000307	0.000144	0.000017	0.001331	0.000685	0.000008	0.000010	0.000002	0.000001	0.000000	0.000034	0.000012	0.000002	0.000000	0.000492	0.000042	0.000035
7	N	O	0.996916	0.000272	0.000170	0.000022	0.001141	0.000867	0.000009	0.000009	0.000002	0.000001	0.000000	0.000033	0.000012	0.000003	0.000000	0.000462	0.000047	0.000032
8	V	O	0.996956	0.000234	0.000200	0.000025	0.000936	0.001060	0.000012	0.000009	0.000002	0.000002	0.000000	0.000032	0.000012	0.000004	0.000000	0.000422	0.000060	0.000033
9	T	O	0.997003	0.000205	0.000217	0.000030	0.000772	0.001214	0.000010	0.000008	0.000002	0.000002	0.000000	0.000030	0.000011	0.000006	0.000000	0.000381	0.000069	0.000039
10	Q	O	0.997049	0.000179	0.000233	0.000033	0.000626	0.001341	0.000019	0.000007	0.000002	0.000003	0.000000	0.000029	0.000010	0.000008	0.000000	0.000327	0.000091	0.000041
11	G	O	0.997109	0.000150	0.000253	0.000032	0.000467	0.001475	0.000025	0.000007	0.000002	0.000004	0.000000	0.000026	0.000009	0.000012	0.000000	0.000254	0.000127	0.000048
12	M	O	0.997178	0.000120	0.000276	0.000029	0.000334	0.001574	0.000034	0.000006	0.000002	0.000005	0.000000	0.000022	0.000008	0.000016	0.000000	0.000168	0.000166	0.000061
13	A	O	0.997258	0.000089	0.000300	0.000028	0.000227	0.001644	0.000036	0.000005	0.000002	0.000006	0.000000	0.000018	0.000008	0.000021	0.000000	0.000094	0.000176	0.000088
14	L	O	0.997353	0.000063	0.000317	0.000028	0.000152	0.001666	0.000054	0.000004	0.000001	0.000006	0.000000	0.000015	0.000007	0.000024	0.000000	0.000049	0.000150	0.000110
15	L	O	0.997473	0.000044	0.000325	0.000032	0.000101	0.001656	0.000060	0.000004	0.000001	0.000007	0.000000	0.000013	0.000006	0.000027	0.000001	0.000024	0.000111	0.000116
16	L	O	0.997597	0.000031	0.000320	0.000043	0.000068	0.001600	0.000090	0.000003	0.000001	0.000007	0.000000	0.000011	0.000005	0.000028	0.000001	0.000013	0.000071	0.000112
17	L	O	0.997760	0.000023	0.000301	0.000062	0.000047	0.001543	0.000078	0.000003	0.000001	0.000008	0.000000	0.000011	0.000004	0.000029	0.000001	0.000007	0.000044	0.000080
18	K	O	0.997894	0.000017	0.000273	0.000088	0.000034	0.001465	0.000091	0.000002	0.000001	0.000008	0.000001	0.000009	0.000004	0.000029	0.000002	0.000004	0.000026	0.000056
19	P	O	0.998031	0.000011	0.000244	0.000109	0.000021	0.001361	0.000118	0.000003	0.000001	0.000008	0.000001	0.000008	0.000004	0.000028	0.000002	0.000002	0.000016	0.000037
20	L	O	0.998189	0.000007	0.000216	0.000125	0.000012	0.001268	0.000101	0.000002	0.000001	0.000008	0.000001	0.000007	0.000003	0.000027	0.000002	0.000001	0.000010	0.000024
21	N	O	0.998323	0.000004	0.000175	0.000152	0.000007	0.001176	0.000097	0.000002	0.000001	0.000008	0.000001	0.000006	0.000003	0.000026	0.000002	0.000001	0.000006	0.000015
22	L	O	0.998450	0.000003	0.000135	0.000174	0.000004	0.001074	0.000105	0.000002	0.000001	0.000007	0.000001	0.000005	0.000003	0.000025	0.000002	0.000000	0.000004	0.000010
23	P	O	0.998582	0.000002	0.000094	0.000197	0.000002	0.000928	0.000148	0.000002	0.000001	0.000007	0.000002	0.000004	0.000002	0.000024	0.000002	0.000000	0.000002	0.000007
24	A	O	0.998770	0.000001	0.000071	0.000184	0.000001	0.000780	0.000149	0.000001	0.000001	0.000007	0.000002	0.000004	0.000002	0.000023	0.000002	0.000000	0.000001	0.000004
25	N	O	0.998964	0.000001	0.000055	0.000160	0.000001	0.000581	0.000200	0.000001	0.000000	0.000007	0.000002	0.000003	0.000002	0.000023	0.000002	0.000000	0.000001	0.000003
26	Y	O	0.999219	0.000000	0.000048	0.000115	0.000001	0.000455	0.000126	0.000001	0.000000	0.000007	0.000002	0.000003	0.000001	0.000022	0.000002	0.000000	0.000000	0.000002
27	V	O	0.999397	0.000000	0.000044	0.000072	0.000000	0.000367	0.000088	0.000001	0.000000	0.000007	0.000002	0.000002	0.000001	0.000021	0.000002	0.000000	0.000000	0.000001
28	L	O	0.999515	0.000000	0.000041	0.000045	0.000000	0.000299	0.000068	0.000001	0.000000	0.000006	0.000002	0.000002	0.000001	0.000020	0.000001	0.000000	0.000000	0.000001
29	N	O	0.999601	0.000000	0.000036	0.000032	0.000000	0.000252	0.000047	0.000001	0.000000	0.000006	0.000002	0.000001	0.000001	0.000019	0.000002	0.000000	0.000000	0.000001
30	L	O	0.999666	0.000000	0.000033	0.000020	0.000000	0.000212	0.000040	0.000001	0.000000	0.000006	0.000002	0.000001	0.000000	0.000018	0.000002	0.000000	0.000000	0.000001
31	I	O	0.999716	0.000000	0.000029	0.000013	0.000000	0.000178	0.000035	0.000001	0.000000	0.000005	0.000002	0.000001	0.000000	0.000017	0.000002	0.000000	0.000000	0.000001
32	I	O	0.999759	0.000000	0.000026	0.000011	0.000000	0.000144	0.000034	0.000001	0.000000	0.000005	0.000002	0.000000	0.000000	0.000015	0.000002	0.000000	0.000000	0.000001
33	Y	O	0.999796	0.000000	0.000021	0.000012	0.000000	0.000103	0.000042	0.000001	0.000000	0.000005	0.000002	0.000000	0.000000	0.000012	0.000003	0.000000	0.000000	0.000001
34	I	O	0.999844	0.000000	0.000016	0.000011	0.000000	0.000066	0.000037	0.000001	0.000000	0.000004	0.000003	0.000000	0.000000	0.000010	0.000003	0.000000	0.000001	0.000001
35	T	O	0.999887	0.000000	0.000012	0.000012	0.000000	0.000036	0.000031	0.000001	0.000000	0.000004	0.000003	0.000000	0.000000	0.000006	0.000004	0.000000	0.000001	0.000001
36	N	O	0.999924	0.000000	0.000006	0.000014	0.000000	0.000021	0.000015	0.000001	0.000000	0.000003	0.000004	0.000000	0.000000	0.000004	0.000002	0.000001	0.000001	0.000001
37	P	O	0.999946	0.000000	0.000003	0.000012	0.000000	0.000010	0.000011	0.000002	0.000000	0.000003	0.000004	0.000000	0.000000	0.000003	0.000002	0.000001	0.000001	0.000001
38	S	O	0.999962	0.000000	0.000001	0.000010	0.000000	0.000006	0.000005	0.000002	0.000000	0.000003	0.000004	0.000000	0.000000	0.000002	0.000002	0.000001	0.000001	0.000001
39	N	O	0.999969	0.000000	0.000001	0.000007	0.000000	0.000003	0.000003	0.000001	0.000000	0.000003	0.000005	0.000000	0.000000	0.000001	0.000001	0.000001	0.000001	0.000001
40	N	O	0.999977	0.000000	0.000000	0.000005	0.000000	0.000002	0.000002	0.000001	0.000000	0.000002	0.000007	0.000000	0.000000	0.000001	0.000001	0.000001	0.000001	0.000001
41	I	O	0.999982	0.000000	0.000000	0.000002	0.000000	0.000001	0.000002	0.000000	0.000000	0.000002	0.000006	0.000000	0.000000	0.000000	0.000001	0.000000	0.000001	0.000001
42	G	O	0.999986	0.000000	0.000000	0.000001	0.000000	0.000000	0.000002	0.000000	0.000000	0.000000	0.000007	0.000000	0.000000	0.000000	0.000001	0.000000	0.000000	0.000002
43	Y	O	0.999998	0.000000	0.000000	0.000000	0.000000	0.000000	0.000000	0.000000	0.000000	0.000000	0.000000	0.000000	0.000000	0.000000	0.000000	0.000000	0.000000	0.000000
