# Name=WP_011818879.1 FAD-dependent oxidoreductase [Prochlorococcus marinus]
# pos	aa	label	Other	Sec/SPI n	Sec/SPI h	Sec/SPI c	Sec/SPII n	Sec/SPII h	Sec/SPII cys	Tat/SPI n	Tat/SPI RR	Tat/SPI h	Tat/SPI c	Tat/SPII n	Tat/SPII RR	Tat/SPII h	Tat/SPII cys	Sec/SPIII P	Sec/SPIII cons.	Sec/SPIII h
1	M	O	0.979729	0.018664	0.000000	0.000000	0.001586	0.000000	0.000000	0.000001	0.000000	0.000000	0.000000	0.000000	0.000000	0.000000	0.000000	0.000002	0.000000	0.000000
2	N	O	0.979729	0.016661	0.002002	0.000000	0.001482	0.000105	0.000000	0.000001	0.000000	0.000000	0.000000	0.000000	0.000000	0.000000	0.000000	0.000001	0.000000	0.000000
3	K	O	0.979733	0.013279	0.005368	0.000016	0.001309	0.000277	0.000000	0.000001	0.000000	0.000000	0.000000	0.000000	0.000000	0.000000	0.000000	0.000001	0.000000	0.000000
4	K	O	0.979739	0.009603	0.009007	0.000049	0.001037	0.000548	0.000002	0.000001	0.000000	0.000000	0.000000	0.000000	0.000000	0.000000	0.000000	0.000001	0.000000	0.000000
5	A	O	0.979757	0.005462	0.013094	0.000091	0.000685	0.000896	0.000003	0.000001	0.000000	0.000000	0.000000	0.000000	0.000000	0.000000	0.000000	0.000001	0.000000	0.000000
6	L	O	0.979780	0.002773	0.015682	0.000173	0.000419	0.001157	0.000005	0.000000	0.000000	0.000001	0.000000	0.000000	0.000000	0.000000	0.000000	0.000001	0.000000	0.000000
7	I	O	0.979815	0.001423	0.016807	0.000377	0.000244	0.001326	0.000007	0.000000	0.000000	0.000001	0.000000	0.000000	0.000000	0.000000	0.000000	0.000001	0.000000	0.000000
8	I	O	0.979857	0.000788	0.017003	0.000778	0.000138	0.001421	0.000011	0.000000	0.000000	0.000001	0.000000	0.000000	0.000000	0.000000	0.000000	0.000001	0.000000	0.000000
9	G	O	0.979919	0.000482	0.016479	0.001553	0.000077	0.001464	0.000018	0.000000	0.000000	0.000001	0.000000	0.000000	0.000000	0.000000	0.000000	0.000001	0.000000	0.000000
10	G	O	0.980034	0.000276	0.015693	0.002449	0.000040	0.001465	0.000036	0.000000	0.000000	0.000001	0.000000	0.000000	0.000000	0.000000	0.000000	0.000000	0.000000	0.000000
11	G	O	0.980224	0.000133	0.014745	0.003390	0.000017	0.001431	0.000057	0.000000	0.000000	0.000001	0.000000	0.000000	0.000000	0.000000	0.000000	0.000000	0.000000	0.000000
12	F	O	0.980475	0.000057	0.013272	0.004743	0.000006	0.001379	0.000064	0.000000	0.000000	0.000001	0.000000	0.000000	0.000000	0.000000	0.000000	0.000000	0.000000	0.000000
13	A	O	0.980753	0.000024	0.010573	0.007257	0.000002	0.001303	0.000079	0.000000	0.000000	0.000001	0.000000	0.000000	0.000000	0.000000	0.000000	0.000000	0.000000	0.000000
14	G	O	0.981239	0.000013	0.006939	0.010496	0.000001	0.001026	0.000278	0.000000	0.000000	0.000000	0.000000	0.000000	0.000000	0.000000	0.000000	0.000000	0.000000	0.000000
15	C	O	0.982452	0.000008	0.003720	0.012783	0.000000	0.000565	0.000462	0.000000	0.000000	0.000000	0.000001	0.000000	0.000000	0.000000	0.000000	0.000000	0.000000	0.000000
16	S	O	0.984636	0.000006	0.001622	0.013166	0.000000	0.000338	0.000227	0.000000	0.000000	0.000000	0.000001	0.000000	0.000000	0.000000	0.000000	0.000000	0.000000	0.000000
17	A	O	0.987777	0.000004	0.000773	0.011101	0.000000	0.000153	0.000185	0.000000	0.000000	0.000000	0.000000	0.000000	0.000000	0.000000	0.000000	0.000000	0.000000	0.000000
18	A	O	0.991945	0.000003	0.000421	0.007473	0.000000	0.000058	0.000095	0.000000	0.000000	0.000000	0.000000	0.000000	0.000000	0.000000	0.000000	0.000000	0.000000	0.000000
19	H	O	0.995032	0.000002	0.000229	0.004677	0.000000	0.000026	0.000032	0.000000	0.000000	0.000000	0.000000	0.000000	0.000000	0.000000	0.000000	0.000000	0.000000	0.000000
20	Q	O	0.996679	0.000002	0.000119	0.003173	0.000000	0.000014	0.000012	0.000000	0.000000	0.000000	0.000000	0.000000	0.000000	0.000000	0.000000	0.000000	0.000000	0.000000
21	L	O	0.998036	0.000001	0.000075	0.001867	0.000000	0.000007	0.000006	0.000000	0.000000	0.000000	0.000000	0.000000	0.000000	0.000000	0.000000	0.000000	0.000000	0.000000
22	E	O	0.998699	0.000001	0.000041	0.001250	0.000000	0.000005	0.000003	0.000000	0.000000	0.000000	0.000000	0.000000	0.000000	0.000000	0.000000	0.000000	0.000000	0.000000
23	L	O	0.999165	0.000001	0.000023	0.000805	0.000000	0.000003	0.000002	0.000000	0.000000	0.000000	0.000000	0.000000	0.000000	0.000000	0.000000	0.000000	0.000000	0.000000
24	I	O	0.999518	0.000000	0.000014	0.000465	0.000000	0.000002	0.000001	0.000000	0.000000	0.000000	0.000000	0.000000	0.000000	0.000000	0.000000	0.000000	0.000000	0.000000
25	G	O	0.999722	0.000000	0.000009	0.000271	0.000000	0.000001	0.000001	0.000000	0.000000	0.000000	0.000000	0.000000	0.000000	0.000000	0.000000	0.000000	0.000000	0.000000
26	N	O	0.999837	0.000000	0.000006	0.000154	0.000000	0.000000	0.000000	0.000000	0.000000	0.000000	0.000000	0.000000	0.000000	0.000000	0.000000	0.000000	0.000000	0.000000
27	W	O	0.999901	0.000000	0.000004	0.000093	0.000000	0.000000	0.000000	0.000000	0.000000	0.000000	0.000000	0.000000	0.000000	0.000000	0.000000	0.000000	0.000000	0.000000
28	D	O	0.999935	0.000000	0.000003	0.000061	0.000000	0.000000	0.000000	0.000000	0.000000	0.000000	0.000000	0.000000	0.000000	0.000000	0.000000	0.000000	0.000000	0.000000
29	V	O	0.999959	0.000000	0.000002	0.000040	0.000000	0.000000	0.000000	0.000000	0.000000	0.000000	0.000000	0.000000	0.000000	0.000000	0.000000	0.000000	0.000000	0.000000
30	T	O	0.999972	0.000000	0.000002	0.000028	0.000000	0.000000	0.000000	0.000000	0.000000	0.000000	0.000000	0.000000	0.000000	0.000000	0.000000	0.000000	0.000000	0.000000
31	L	O	0.999978	0.000000	0.000001	0.000021	0.000000	0.000000	0.000000	0.000000	0.000000	0.000000	0.000000	0.000000	0.000000	0.000000	0.000000	0.000000	0.000000	0.000000
32	I	O	0.999979	0.000000	0.000001	0.000016	0.000000	0.000000	0.000000	0.000000	0.000000	0.000000	0.000000	0.000000	0.000000	0.000000	0.000000	0.000000	0.000000	0.000000
33	E	O	0.999983	0.000000	0.000001	0.000013	0.000000	0.000000	0.000000	0.000000	0.000000	0.000000	0.000000	0.000000	0.000000	0.000000	0.000000	0.000000	0.000000	0.000000
34	K	O	0.999981	0.000000	0.000000	0.000010	0.000000	0.000000	0.000000	0.000000	0.000000	0.000000	0.000000	0.000000	0.000000	0.000000	0.000000	0.000000	0.000000	0.000000
35	A	O	0.999990	0.000000	0.000000	0.000008	0.000000	0.000000	0.000000	0.000000	0.000000	0.000000	0.000000	0.000000	0.000000	0.000000	0.000000	0.000000	0.000000	0.000000
36	N	O	0.999986	0.000000	0.000000	0.000007	0.000000	0.000000	0.000000	0.000000	0.000000	0.000000	0.000000	0.000000	0.000000	0.000000	0.000000	0.000000	0.000000	0.000000
37	Y	O	0.999992	0.000000	0.000000	0.000006	0.000000	0.000000	0.000000	0.000000	0.000000	0.000000	0.000000	0.000000	0.000000	0.000000	0.000000	0.000000	0.000000	0.000000
38	L	O	0.999991	0.000000	0.000000	0.000004	0.000000	0.000000	0.000000	0.000000	0.000000	0.000000	0.000000	0.000000	0.000000	0.000000	0.000000	0.000000	0.000000	0.000000
39	G	O	0.999993	0.000000	0.000000	0.000004	0.000000	0.000000	0.000000	0.000000	0.000000	0.000000	0.000000	0.000000	0.000000	0.000000	0.000000	0.000000	0.000000	0.000000
40	A	O	0.999992	0.000000	0.000000	0.000003	0.000000	0.000000	0.000000	0.000000	0.000000	0.000000	0.000000	0.000000	0.000000	0.000000	0.000000	0.000000	0.000000	0.000000
41	G	O	0.999997	0.000000	0.000000	0.000002	0.000000	0.000000	0.000000	0.000000	0.000000	0.000000	0.000000	0.000000	0.000000	0.000000	0.000000	0.000000	0.000000	0.000000
42	N	O	0.999995	0.000000	0.000000	0.000001	0.000000	0.000000	0.000000	0.000000	0.000000	0.000000	0.000000	0.000000	0.000000	0.000000	0.000000	0.000000	0.000000	0.000000
43	K	O	0.999997	0.000000	0.000000	0.000001	0.000000	0.000000	0.000000	0.000000	0.000000	0.000000	0.000000	0.000000	0.000000	0.000000	0.000000	0.000000	0.000000	0.000000
44	T	O	0.999998	0.000000	0.000000	0.000001	0.000000	0.000000	0.000000	0.000000	0.000000	0.000000	0.000000	0.000000	0.000000	0.000000	0.000000	0.000000	0.000000	0.000000
45	R	O	0.999997	0.000000	0.000000	0.000001	0.000000	0.000000	0.000000	0.000000	0.000000	0.000000	0.000000	0.000000	0.000000	0.000000	0.000000	0.000000	0.000000	0.000000
46	W	O	1.000000	0.000000	0.000000	0.000000	0.000000	0.000001	0.000000	0.000000	0.000000	0.000000	0.000000	0.000000	0.000000	0.000000	0.000000	0.000000	0.000000	0.000000
47	Y	O	0.999995	0.000000	0.000000	0.000000	0.000000	0.000001	0.000000	0.000000	0.000000	0.000000	0.000000	0.000000	0.000000	0.000000	0.000000	0.000000	0.000000	0.000000
48	G	O	0.999996	0.000000	0.000000	0.000000	0.000001	0.000001	0.000000	0.000001	0.000000	0.000000	0.000001	0.000000	0.000000	0.000000	0.000000	0.000000	0.000000	0.000000
49	G	O	0.999991	0.000000	0.000000	0.000000	0.000001	0.000001	0.000001	0.000001	0.000000	0.000000	0.000001	0.000000	0.000000	0.000000	0.000000	0.000001	0.000000	0.000000
50	H	O	0.999986	0.000000	0.000000	0.000000	0.000001	0.000001	0.000001	0.000001	0.000000	0.000001	0.000001	0.000000	0.000000	0.000000	0.000000	0.000001	0.000000	0.000000
51	P	O	0.999994	0.000000	0.000000	0.000000	0.000001	0.000001	0.000001	0.000001	0.000000	0.000001	0.000001	0.000000	0.000000	0.000000	0.000000	0.000001	0.000000	0.000000
52	Y	O	0.999983	0.000000	0.000000	0.000000	0.000001	0.000002	0.000001	0.000002	0.000000	0.000001	0.000001	0.000000	0.000000	0.000000	0.000000	0.000001	0.000000	0.000000
53	T	O	0.999988	0.000000	0.000000	0.000000	0.000001	0.000002	0.000001	0.000002	0.000000	0.000002	0.000002	0.000000	0.000000	0.000000	0.000000	0.000002	0.000001	0.000001
54	F	O	0.999981	0.000000	0.000000	0.000000	0.000002	0.000003	0.000001	0.000003	0.000000	0.000002	0.000002	0.000000	0.000000	0.000000	0.000000	0.000002	0.000001	0.000001
55	G	O	0.999983	0.000000	0.000000	0.000000	0.000002	0.000003	0.000002	0.000004	0.000001	0.000003	0.000003	0.000000	0.000000	0.000000	0.000000	0.000003	0.000001	0.000001
56	P	O	0.999971	0.000000	0.000000	0.000000	0.000002	0.000004	0.000002	0.000005	0.000001	0.000004	0.000004	0.000000	0.000000	0.000000	0.000000	0.000004	0.000001	0.000001
57	R	O	0.999972	0.000000	0.000000	0.000000	0.000003	0.000004	0.000003	0.000007	0.000001	0.000005	0.000006	0.000000	0.000000	0.000000	0.000001	0.000005	0.000001	0.000001
58	H	O	0.999958	0.000000	0.000000	0.000000	0.000003	0.000005	0.000003	0.000009	0.000001	0.000006	0.000008	0.000000	0.000000	0.000001	0.000001	0.000006	0.000002	0.000002
59	F	O	0.999947	0.000000	0.000000	0.000000	0.000004	0.000006	0.000003	0.000011	0.000001	0.000008	0.000010	0.000000	0.000000	0.000001	0.000001	0.000007	0.000002	0.000003
60	L	O	0.999940	0.000000	0.000000	0.000000	0.000004	0.000007	0.000004	0.000013	0.000002	0.000011	0.000012	0.000000	0.000000	0.000001	0.000001	0.000009	0.000003	0.000003
61	T	O	0.999926	0.000000	0.000000	0.000000	0.000004	0.000008	0.000004	0.000016	0.000002	0.000014	0.000016	0.000000	0.000000	0.000001	0.000001	0.000010	0.000004	0.000004
62	P	O	0.999899	0.000000	0.000000	0.000000	0.000004	0.000009	0.000006	0.000022	0.000002	0.000017	0.000022	0.000001	0.000000	0.000001	0.000002	0.000012	0.000005	0.000005
63	Y	O	0.999876	0.000000	0.000000	0.000000	0.000004	0.000011	0.000006	0.000026	0.000003	0.000023	0.000029	0.000001	0.000000	0.000002	0.000003	0.000015	0.000006	0.000007
64	Q	O	0.999845	0.000000	0.000000	0.000000	0.000004	0.000012	0.000007	0.000030	0.000003	0.000030	0.000039	0.000001	0.000000	0.000003	0.000004	0.000018	0.000008	0.000008
65	E	O	0.999805	0.000000	0.000000	0.000000	0.000003	0.000014	0.000008	0.000034	0.000003	0.000040	0.000052	0.000001	0.000000	0.000004	0.000005	0.000019	0.000011	0.000010
66	V	O	0.999763	0.000000	0.000000	0.000000	0.000001	0.000015	0.000012	0.000032	0.000001	0.000055	0.000073	0.000000	0.000000	0.000006	0.000008	0.000018	0.000015	0.000015
67	F	O	0.999741	0.000000	0.000000	0.000000	0.000000	0.000013	0.000012	0.000017	0.000000	0.000063	0.000097	0.000000	0.000000	0.000006	0.000010	0.000012	0.000018	0.000019
68	D	O	0.999737	0.000000	0.000000	0.000000	0.000000	0.000009	0.000014	0.000000	0.000000	0.000048	0.000135	0.000000	0.000000	0.000007	0.000013	0.000000	0.000021	0.000024
69	Y	O	0.999740	0.000000	0.000000	0.000000	0.000000	0.000000	0.000022	0.000000	0.000000	0.000000	0.000169	0.000000	0.000000	0.000000	0.000034	0.000000	0.000000	0.000039
70	I	O	1.000000	0.000000	0.000000	0.000000	0.000000	0.000000	0.000000	0.000000	0.000000	0.000000	0.000000	0.000000	0.000000	0.000000	0.000000	0.000000	0.000000	0.000000
