# Name=WP_011818715.1 hypothetical protein [Prochlorococcus marinus]
# pos	aa	label	Other	Sec/SPI n	Sec/SPI h	Sec/SPI c	Sec/SPII n	Sec/SPII h	Sec/SPII cys	Tat/SPI n	Tat/SPI RR	Tat/SPI h	Tat/SPI c	Tat/SPII n	Tat/SPII RR	Tat/SPII h	Tat/SPII cys	Sec/SPIII P	Sec/SPIII cons.	Sec/SPIII h
1	M	O	0.708828	0.288988	0.000000	0.000000	0.001816	0.000000	0.000000	0.000001	0.000000	0.000000	0.000000	0.000000	0.000000	0.000000	0.000000	0.000382	0.000000	0.000000
2	N	O	0.708831	0.278571	0.010419	0.000000	0.001692	0.000124	0.000000	0.000001	0.000000	0.000000	0.000000	0.000000	0.000000	0.000000	0.000000	0.000349	0.000032	0.000000
3	K	O	0.708837	0.257870	0.030946	0.000172	0.001468	0.000349	0.000000	0.000001	0.000000	0.000000	0.000000	0.000000	0.000000	0.000000	0.000000	0.000311	0.000052	0.000019
4	F	O	0.708886	0.230318	0.058179	0.000453	0.001163	0.000653	0.000001	0.000001	0.000000	0.000000	0.000000	0.000000	0.000000	0.000000	0.000000	0.000243	0.000098	0.000026
5	K	O	0.709021	0.207348	0.080662	0.000824	0.000927	0.000883	0.000005	0.000000	0.000000	0.000000	0.000000	0.000000	0.000000	0.000000	0.000000	0.000157	0.000145	0.000046
6	M	O	0.709311	0.159472	0.128226	0.000879	0.000561	0.001234	0.000015	0.000000	0.000000	0.000000	0.000000	0.000000	0.000000	0.000000	0.000000	0.000077	0.000164	0.000080
7	A	O	0.709680	0.120801	0.166433	0.001040	0.000355	0.001426	0.000014	0.000000	0.000000	0.000000	0.000000	0.000000	0.000000	0.000000	0.000000	0.000033	0.000149	0.000088
8	K	O	0.710201	0.081812	0.205070	0.000929	0.000213	0.001535	0.000032	0.000000	0.000000	0.000000	0.000000	0.000000	0.000000	0.000000	0.000000	0.000011	0.000105	0.000111
9	I	O	0.710790	0.016565	0.270185	0.000531	0.000065	0.001656	0.000027	0.000000	0.000000	0.000000	0.000000	0.000000	0.000000	0.000000	0.000000	0.000003	0.000050	0.000147
10	I	O	0.711115	0.003116	0.283370	0.000518	0.000021	0.001677	0.000023	0.000000	0.000000	0.000000	0.000000	0.000000	0.000000	0.000000	0.000000	0.000001	0.000019	0.000156
11	I	O	0.711427	0.000597	0.285447	0.000698	0.000007	0.001663	0.000028	0.000000	0.000000	0.000000	0.000000	0.000000	0.000000	0.000000	0.000000	0.000000	0.000007	0.000142
12	V	O	0.711792	0.000124	0.285096	0.001207	0.000003	0.001632	0.000035	0.000000	0.000000	0.000000	0.000000	0.000000	0.000000	0.000000	0.000000	0.000000	0.000002	0.000125
13	F	O	0.712354	0.000030	0.283714	0.002178	0.000001	0.001590	0.000044	0.000000	0.000000	0.000000	0.000000	0.000000	0.000000	0.000000	0.000000	0.000000	0.000001	0.000106
14	S	O	0.713201	0.000008	0.280953	0.004176	0.000000	0.001541	0.000049	0.000000	0.000000	0.000000	0.000000	0.000000	0.000000	0.000000	0.000000	0.000000	0.000000	0.000088
15	S	O	0.714631	0.000002	0.276605	0.007163	0.000000	0.001480	0.000061	0.000000	0.000000	0.000000	0.000000	0.000000	0.000000	0.000000	0.000000	0.000000	0.000000	0.000072
16	L	O	0.716762	0.000001	0.269442	0.012273	0.000000	0.001407	0.000073	0.000000	0.000000	0.000000	0.000000	0.000000	0.000000	0.000000	0.000000	0.000000	0.000000	0.000057
17	S	O	0.719075	0.000000	0.254201	0.025286	0.000000	0.001326	0.000081	0.000000	0.000000	0.000000	0.000000	0.000000	0.000000	0.000000	0.000000	0.000000	0.000000	0.000045
18	Y	O	0.722896	0.000000	0.230528	0.045229	0.000000	0.001212	0.000114	0.000000	0.000000	0.000000	0.000000	0.000000	0.000000	0.000000	0.000000	0.000000	0.000000	0.000034
19	L	O	0.727890	0.000000	0.200213	0.070669	0.000000	0.001055	0.000157	0.000000	0.000000	0.000000	0.000000	0.000000	0.000000	0.000000	0.000000	0.000000	0.000000	0.000028
20	S	O	0.737030	0.000000	0.170750	0.091153	0.000000	0.000884	0.000171	0.000000	0.000000	0.000000	0.000000	0.000000	0.000000	0.000000	0.000000	0.000000	0.000000	0.000022
21	I	O	0.748331	0.000000	0.139769	0.111010	0.000000	0.000647	0.000237	0.000000	0.000000	0.000000	0.000000	0.000000	0.000000	0.000000	0.000000	0.000000	0.000000	0.000018
22	S	O	0.761237	0.000000	0.109709	0.128403	0.000000	0.000490	0.000157	0.000000	0.000000	0.000000	0.000000	0.000000	0.000000	0.000000	0.000000	0.000000	0.000000	0.000015
23	F	O	0.778036	0.000000	0.082272	0.139201	0.000000	0.000300	0.000190	0.000000	0.000000	0.000000	0.000000	0.000000	0.000000	0.000000	0.000000	0.000000	0.000000	0.000012
24	L	O	0.798093	0.000000	0.055699	0.145908	0.000000	0.000128	0.000172	0.000000	0.000000	0.000000	0.000000	0.000000	0.000000	0.000000	0.000000	0.000000	0.000000	0.000009
25	R	O	0.824751	0.000000	0.031130	0.143996	0.000000	0.000049	0.000079	0.000000	0.000000	0.000000	0.000000	0.000000	0.000000	0.000000	0.000000	0.000000	0.000000	0.000004
26	N	O	0.853438	0.000000	0.018223	0.128296	0.000000	0.000018	0.000031	0.000000	0.000000	0.000000	0.000000	0.000000	0.000000	0.000000	0.000000	0.000000	0.000000	0.000001
27	Y	O	0.884727	0.000000	0.012099	0.103163	0.000000	0.000007	0.000011	0.000000	0.000000	0.000000	0.000000	0.000000	0.000000	0.000000	0.000000	0.000000	0.000000	0.000000
28	N	O	0.906875	0.000000	0.007478	0.085649	0.000000	0.000003	0.000003	0.000000	0.000000	0.000000	0.000000	0.000000	0.000000	0.000000	0.000000	0.000000	0.000000	0.000000
29	S	O	0.928181	0.000000	0.004910	0.066918	0.000000	0.000002	0.000001	0.000000	0.000000	0.000000	0.000000	0.000000	0.000000	0.000000	0.000000	0.000000	0.000000	0.000000
30	P	O	0.947400	0.000000	0.003444	0.049165	0.000000	0.000001	0.000001	0.000000	0.000000	0.000000	0.000000	0.000000	0.000000	0.000000	0.000000	0.000000	0.000000	0.000000
31	E	O	0.961054	0.000000	0.002487	0.036471	0.000000	0.000001	0.000000	0.000000	0.000000	0.000000	0.000000	0.000000	0.000000	0.000000	0.000000	0.000000	0.000000	0.000000
32	N	O	0.970107	0.000000	0.001761	0.028144	0.000000	0.000000	0.000000	0.000000	0.000000	0.000000	0.000000	0.000000	0.000000	0.000000	0.000000	0.000000	0.000000	0.000000
33	I	O	0.976689	0.000000	0.001243	0.022078	0.000000	0.000000	0.000000	0.000000	0.000000	0.000000	0.000000	0.000000	0.000000	0.000000	0.000000	0.000000	0.000000	0.000000
34	E	O	0.981906	0.000000	0.000862	0.017244	0.000000	0.000000	0.000000	0.000000	0.000000	0.000000	0.000000	0.000000	0.000000	0.000000	0.000000	0.000000	0.000000	0.000000
35	K	O	0.986445	0.000000	0.000635	0.012933	0.000000	0.000000	0.000000	0.000000	0.000000	0.000000	0.000000	0.000000	0.000000	0.000000	0.000000	0.000000	0.000000	0.000000
36	R	O	0.989903	0.000000	0.000475	0.009632	0.000000	0.000000	0.000000	0.000000	0.000000	0.000000	0.000000	0.000000	0.000000	0.000000	0.000000	0.000001	0.000000	0.000000
37	C	O	0.992157	0.000000	0.000350	0.007505	0.000000	0.000000	0.000000	0.000000	0.000000	0.000000	0.000000	0.000000	0.000000	0.000000	0.000000	0.000001	0.000000	0.000000
38	I	O	0.993858	0.000000	0.000255	0.005899	0.000000	0.000000	0.000000	0.000000	0.000000	0.000000	0.000000	0.000000	0.000000	0.000000	0.000000	0.000001	0.000000	0.000000
39	L	O	0.995139	0.000000	0.000177	0.004697	0.000000	0.000001	0.000000	0.000000	0.000000	0.000000	0.000000	0.000000	0.000000	0.000000	0.000000	0.000001	0.000000	0.000000
40	K	O	0.996200	0.000000	0.000120	0.003693	0.000000	0.000001	0.000000	0.000000	0.000000	0.000000	0.000000	0.000000	0.000000	0.000000	0.000000	0.000001	0.000000	0.000000
41	F	O	0.997062	0.000000	0.000081	0.002867	0.000001	0.000001	0.000000	0.000000	0.000000	0.000000	0.000000	0.000000	0.000000	0.000000	0.000000	0.000002	0.000001	0.000001
42	E	O	0.997763	0.000000	0.000055	0.002192	0.000001	0.000001	0.000000	0.000000	0.000000	0.000000	0.000000	0.000000	0.000000	0.000000	0.000000	0.000002	0.000001	0.000001
43	K	O	0.998306	0.000000	0.000038	0.001667	0.000001	0.000001	0.000000	0.000001	0.000000	0.000000	0.000000	0.000000	0.000000	0.000000	0.000000	0.000002	0.000001	0.000001
44	D	O	0.998717	0.000000	0.000025	0.001269	0.000001	0.000001	0.000001	0.000001	0.000000	0.000001	0.000001	0.000000	0.000000	0.000000	0.000000	0.000003	0.000001	0.000001
45	F	O	0.999036	0.000000	0.000017	0.000953	0.000001	0.000001	0.000001	0.000001	0.000000	0.000001	0.000001	0.000000	0.000000	0.000000	0.000000	0.000003	0.000001	0.000001
46	K	O	0.999293	0.000000	0.000011	0.000699	0.000001	0.000002	0.000001	0.000001	0.000000	0.000001	0.000001	0.000000	0.000000	0.000000	0.000000	0.000004	0.000002	0.000002
47	N	O	0.999486	0.000000	0.000007	0.000507	0.000001	0.000002	0.000001	0.000002	0.000000	0.000001	0.000001	0.000000	0.000000	0.000000	0.000000	0.000005	0.000002	0.000002
48	N	O	0.999625	0.000000	0.000005	0.000367	0.000002	0.000002	0.000001	0.000002	0.000000	0.000001	0.000002	0.000000	0.000000	0.000000	0.000000	0.000006	0.000002	0.000002
49	L	O	0.999725	0.000000	0.000003	0.000264	0.000002	0.000003	0.000001	0.000003	0.000000	0.000002	0.000002	0.000000	0.000000	0.000000	0.000000	0.000007	0.000003	0.000003
50	E	O	0.999796	0.000000	0.000002	0.000187	0.000002	0.000003	0.000002	0.000003	0.000000	0.000002	0.000003	0.000000	0.000000	0.000000	0.000000	0.000008	0.000003	0.000003
51	T	O	0.999850	0.000000	0.000001	0.000130	0.000002	0.000004	0.000002	0.000004	0.000000	0.000003	0.000004	0.000000	0.000000	0.000000	0.000000	0.000010	0.000004	0.000004
52	S	O	0.999882	0.000000	0.000001	0.000091	0.000003	0.000005	0.000003	0.000005	0.000001	0.000004	0.000005	0.000000	0.000000	0.000000	0.000001	0.000012	0.000005	0.000005
53	H	O	0.999899	0.000000	0.000001	0.000062	0.000003	0.000005	0.000003	0.000006	0.000001	0.000005	0.000007	0.000000	0.000000	0.000000	0.000001	0.000014	0.000006	0.000007
54	E	O	0.999911	0.000000	0.000000	0.000040	0.000004	0.000006	0.000004	0.000008	0.000001	0.000006	0.000008	0.000000	0.000000	0.000001	0.000001	0.000017	0.000007	0.000008
55	E	O	0.999907	0.000000	0.000000	0.000026	0.000005	0.000007	0.000004	0.000010	0.000001	0.000008	0.000010	0.000000	0.000000	0.000001	0.000001	0.000020	0.000009	0.000010
56	W	O	0.999896	0.000000	0.000000	0.000017	0.000005	0.000008	0.000005	0.000014	0.000002	0.000011	0.000013	0.000000	0.000000	0.000001	0.000002	0.000024	0.000011	0.000012
57	N	O	0.999871	0.000000	0.000000	0.000011	0.000007	0.000010	0.000006	0.000018	0.000002	0.000014	0.000017	0.000001	0.000000	0.000002	0.000002	0.000030	0.000013	0.000015
58	Q	O	0.999836	0.000000	0.000000	0.000007	0.000008	0.000012	0.000008	0.000024	0.000003	0.000019	0.000023	0.000001	0.000000	0.000002	0.000003	0.000038	0.000016	0.000019
59	I	O	0.999788	0.000000	0.000000	0.000004	0.000010	0.000015	0.000009	0.000033	0.000004	0.000027	0.000030	0.000001	0.000000	0.000003	0.000005	0.000047	0.000021	0.000023
60	L	O	0.999718	0.000000	0.000000	0.000003	0.000011	0.000020	0.000011	0.000043	0.000005	0.000037	0.000042	0.000001	0.000000	0.000004	0.000006	0.000058	0.000027	0.000029
61	D	O	0.999623	0.000000	0.000000	0.000002	0.000013	0.000025	0.000015	0.000060	0.000006	0.000048	0.000060	0.000002	0.000001	0.000006	0.000009	0.000074	0.000034	0.000038
62	I	O	0.999513	0.000000	0.000000	0.000001	0.000015	0.000030	0.000019	0.000077	0.000008	0.000069	0.000078	0.000002	0.000001	0.000008	0.000012	0.000089	0.000045	0.000049
63	V	O	0.999368	0.000000	0.000000	0.000001	0.000016	0.000038	0.000022	0.000098	0.000010	0.000096	0.000108	0.000002	0.000001	0.000011	0.000018	0.000105	0.000058	0.000063
64	D	O	0.999168	0.000000	0.000000	0.000000	0.000016	0.000046	0.000030	0.000124	0.000012	0.000129	0.000159	0.000003	0.000001	0.000016	0.000026	0.000127	0.000074	0.000082
65	N	O	0.998936	0.000000	0.000000	0.000000	0.000015	0.000055	0.000039	0.000144	0.000012	0.000180	0.000224	0.000003	0.000000	0.000022	0.000039	0.000139	0.000100	0.000107
66	N	O	0.998645	0.000000	0.000000	0.000000	0.000010	0.000065	0.000054	0.000147	0.000007	0.000243	0.000338	0.000002	0.000000	0.000030	0.000060	0.000133	0.000130	0.000149
67	Y	O	0.998399	0.000000	0.000000	0.000000	0.000000	0.000072	0.000069	0.000096	0.000000	0.000305	0.000497	0.000000	0.000000	0.000037	0.000090	0.000088	0.000160	0.000200
68	L	O	0.998306	0.000000	0.000000	0.000000	0.000000	0.000064	0.000083	0.000000	0.000000	0.000279	0.000703	0.000000	0.000000	0.000041	0.000122	0.000000	0.000167	0.000250
69	K	O	0.998204	0.000000	0.000000	0.000000	0.000000	0.000000	0.000223	0.000000	0.000000	0.000000	0.000986	0.000000	0.000000	0.000000	0.000256	0.000000	0.000000	0.000338
70	C	O	1.000000	0.000000	0.000000	0.000000	0.000000	0.000000	0.000000	0.000000	0.000000	0.000000	0.000000	0.000000	0.000000	0.000000	0.000000	0.000000	0.000000	0.000000
