# Name=WP_011818065.1 ABC transporter ATP-binding protein [Prochlorococcus marinus]
# pos	aa	label	Other	Sec/SPI n	Sec/SPI h	Sec/SPI c	Sec/SPII n	Sec/SPII h	Sec/SPII cys	Tat/SPI n	Tat/SPI RR	Tat/SPI h	Tat/SPI c	Tat/SPII n	Tat/SPII RR	Tat/SPII h	Tat/SPII cys	Sec/SPIII P	Sec/SPIII cons.	Sec/SPIII h
1	M	O	0.988377	0.001534	0.000000	0.000000	0.000138	0.000000	0.000000	0.000000	0.000000	0.000000	0.000000	0.000000	0.000000	0.000000	0.000000	0.009974	0.000000	0.000000
2	F	O	0.988375	0.001282	0.000252	0.000000	0.000122	0.000015	0.000000	0.000000	0.000000	0.000000	0.000000	0.000000	0.000000	0.000000	0.000000	0.009625	0.000349	0.000000
3	F	O	0.988371	0.001058	0.000435	0.000041	0.000108	0.000029	0.000000	0.000000	0.000000	0.000000	0.000000	0.000000	0.000000	0.000000	0.000000	0.009312	0.000427	0.000234
4	K	O	0.988564	0.000899	0.000516	0.000115	0.000098	0.000039	0.000001	0.000000	0.000000	0.000000	0.000000	0.000000	0.000000	0.000000	0.000000	0.009036	0.000410	0.000342
5	D	O	0.988852	0.000775	0.000538	0.000205	0.000087	0.000046	0.000003	0.000000	0.000000	0.000000	0.000000	0.000000	0.000000	0.000000	0.000000	0.008742	0.000425	0.000348
6	F	O	0.989152	0.000671	0.000540	0.000284	0.000079	0.000051	0.000004	0.000000	0.000000	0.000000	0.000000	0.000000	0.000000	0.000000	0.000000	0.008445	0.000431	0.000365
7	R	O	0.989485	0.000591	0.000513	0.000356	0.000072	0.000053	0.000004	0.000000	0.000000	0.000000	0.000000	0.000000	0.000000	0.000000	0.000000	0.008141	0.000441	0.000366
8	R	O	0.989831	0.000526	0.000474	0.000412	0.000066	0.000054	0.000006	0.000000	0.000000	0.000000	0.000000	0.000000	0.000000	0.000000	0.000000	0.007813	0.000471	0.000372
9	I	O	0.990184	0.000474	0.000429	0.000454	0.000060	0.000053	0.000006	0.000000	0.000000	0.000000	0.000000	0.000000	0.000000	0.000000	0.000000	0.007446	0.000523	0.000394
10	K	O	0.990569	0.000431	0.000381	0.000481	0.000056	0.000052	0.000005	0.000000	0.000000	0.000000	0.000000	0.000000	0.000000	0.000000	0.000000	0.007072	0.000541	0.000439
11	K	O	0.990994	0.000396	0.000330	0.000495	0.000053	0.000050	0.000006	0.000000	0.000000	0.000000	0.000000	0.000000	0.000000	0.000000	0.000000	0.006641	0.000608	0.000457
12	L	O	0.991439	0.000368	0.000284	0.000489	0.000049	0.000047	0.000006	0.000000	0.000000	0.000000	0.000000	0.000000	0.000000	0.000000	0.000000	0.006163	0.000669	0.000519
13	G	O	0.991944	0.000346	0.000239	0.000472	0.000046	0.000045	0.000005	0.000000	0.000000	0.000000	0.000000	0.000000	0.000000	0.000000	0.000000	0.005680	0.000690	0.000568
14	K	O	0.992489	0.000324	0.000209	0.000434	0.000044	0.000042	0.000006	0.000000	0.000000	0.000000	0.000000	0.000000	0.000000	0.000000	0.000000	0.005154	0.000743	0.000587
15	Y	O	0.993054	0.000306	0.000182	0.000390	0.000042	0.000039	0.000005	0.000000	0.000000	0.000000	0.000000	0.000000	0.000000	0.000000	0.000000	0.004579	0.000817	0.000618
16	L	O	0.993646	0.000290	0.000159	0.000345	0.000039	0.000038	0.000004	0.000000	0.000000	0.000000	0.000000	0.000000	0.000000	0.000000	0.000000	0.003908	0.000953	0.000656
17	T	O	0.994241	0.000277	0.000135	0.000312	0.000036	0.000037	0.000003	0.000000	0.000000	0.000000	0.000000	0.000000	0.000000	0.000000	0.000000	0.003224	0.001019	0.000753
18	K	O	0.994901	0.000266	0.000111	0.000283	0.000034	0.000036	0.000003	0.000000	0.000000	0.000000	0.000000	0.000000	0.000000	0.000000	0.000000	0.002648	0.000899	0.000855
19	D	O	0.995650	0.000255	0.000096	0.000245	0.000030	0.000037	0.000003	0.000000	0.000000	0.000000	0.000000	0.000000	0.000000	0.000000	0.000000	0.002050	0.000893	0.000776
20	K	O	0.996341	0.000241	0.000093	0.000196	0.000027	0.000037	0.000003	0.000000	0.000000	0.000000	0.000000	0.000000	0.000000	0.000000	0.000000	0.001439	0.000911	0.000747
21	K	O	0.997015	0.000216	0.000108	0.000141	0.000022	0.000037	0.000005	0.000000	0.000000	0.000000	0.000000	0.000000	0.000000	0.000000	0.000000	0.000798	0.001010	0.000676
22	T	O	0.997605	0.000141	0.000180	0.000079	0.000011	0.000043	0.000005	0.000000	0.000000	0.000000	0.000000	0.000000	0.000000	0.000000	0.000000	0.000239	0.000987	0.000741
23	I	O	0.998164	0.000054	0.000263	0.000039	0.000004	0.000047	0.000004	0.000000	0.000000	0.000000	0.000000	0.000000	0.000000	0.000000	0.000000	0.000044	0.000558	0.000855
24	Y	O	0.998747	0.000014	0.000301	0.000019	0.000001	0.000045	0.000005	0.000000	0.000000	0.000000	0.000000	0.000000	0.000000	0.000000	0.000000	0.000006	0.000216	0.000680
25	L	O	0.999150	0.000003	0.000310	0.000009	0.000000	0.000040	0.000005	0.000000	0.000000	0.000000	0.000000	0.000000	0.000000	0.000000	0.000000	0.000001	0.000057	0.000450
26	I	O	0.999413	0.000001	0.000310	0.000005	0.000000	0.000034	0.000007	0.000000	0.000000	0.000000	0.000000	0.000000	0.000000	0.000000	0.000000	0.000000	0.000014	0.000248
27	L	O	0.999544	0.000000	0.000308	0.000003	0.000000	0.000027	0.000007	0.000000	0.000000	0.000000	0.000000	0.000000	0.000000	0.000000	0.000000	0.000000	0.000003	0.000131
28	I	O	0.999618	0.000000	0.000307	0.000003	0.000000	0.000021	0.000006	0.000000	0.000000	0.000000	0.000000	0.000000	0.000000	0.000000	0.000000	0.000000	0.000001	0.000067
29	V	O	0.999660	0.000000	0.000305	0.000002	0.000000	0.000015	0.000006	0.000000	0.000000	0.000000	0.000000	0.000000	0.000000	0.000000	0.000000	0.000000	0.000000	0.000037
30	L	O	0.999672	0.000000	0.000303	0.000002	0.000000	0.000011	0.000004	0.000000	0.000000	0.000000	0.000000	0.000000	0.000000	0.000000	0.000000	0.000000	0.000000	0.000022
31	L	O	0.999684	0.000000	0.000301	0.000002	0.000000	0.000008	0.000003	0.000000	0.000000	0.000000	0.000000	0.000000	0.000000	0.000000	0.000000	0.000000	0.000000	0.000015
32	P	O	0.999693	0.000000	0.000299	0.000003	0.000000	0.000006	0.000002	0.000000	0.000000	0.000000	0.000000	0.000000	0.000000	0.000000	0.000000	0.000000	0.000000	0.000010
33	V	O	0.999696	0.000000	0.000295	0.000005	0.000000	0.000005	0.000002	0.000000	0.000000	0.000000	0.000000	0.000000	0.000000	0.000000	0.000000	0.000000	0.000000	0.000007
34	S	O	0.999706	0.000000	0.000289	0.000009	0.000000	0.000004	0.000001	0.000000	0.000000	0.000000	0.000000	0.000000	0.000000	0.000000	0.000000	0.000000	0.000000	0.000006
35	F	O	0.999711	0.000000	0.000279	0.000016	0.000000	0.000003	0.000001	0.000000	0.000000	0.000000	0.000000	0.000000	0.000000	0.000000	0.000000	0.000000	0.000000	0.000004
36	S	O	0.999716	0.000000	0.000263	0.000027	0.000000	0.000003	0.000001	0.000000	0.000000	0.000000	0.000000	0.000000	0.000000	0.000000	0.000000	0.000000	0.000000	0.000003
37	G	O	0.999717	0.000000	0.000237	0.000048	0.000000	0.000002	0.000001	0.000000	0.000000	0.000000	0.000000	0.000000	0.000000	0.000000	0.000000	0.000000	0.000000	0.000002
38	A	O	0.999727	0.000000	0.000210	0.000069	0.000000	0.000002	0.000001	0.000000	0.000000	0.000000	0.000000	0.000000	0.000000	0.000000	0.000000	0.000000	0.000000	0.000001
39	I	O	0.999740	0.000000	0.000175	0.000096	0.000000	0.000001	0.000001	0.000000	0.000000	0.000000	0.000000	0.000000	0.000000	0.000000	0.000000	0.000000	0.000000	0.000001
40	Q	O	0.999748	0.000000	0.000135	0.000129	0.000000	0.000001	0.000001	0.000000	0.000000	0.000000	0.000000	0.000000	0.000000	0.000000	0.000000	0.000000	0.000000	0.000001
41	P	O	0.999757	0.000000	0.000091	0.000162	0.000000	0.000001	0.000001	0.000000	0.000000	0.000000	0.000000	0.000000	0.000000	0.000000	0.000000	0.000001	0.000001	0.000001
42	L	O	0.999775	0.000000	0.000063	0.000171	0.000000	0.000001	0.000001	0.000000	0.000000	0.000000	0.000000	0.000000	0.000000	0.000000	0.000000	0.000001	0.000001	0.000002
43	L	O	0.999797	0.000000	0.000039	0.000175	0.000000	0.000001	0.000001	0.000000	0.000000	0.000000	0.000000	0.000000	0.000000	0.000000	0.000000	0.000001	0.000002	0.000002
44	V	O	0.999823	0.000000	0.000024	0.000164	0.000000	0.000001	0.000001	0.000000	0.000000	0.000000	0.000000	0.000000	0.000000	0.000000	0.000000	0.000001	0.000002	0.000003
45	G	O	0.999859	0.000000	0.000014	0.000141	0.000000	0.000000	0.000001	0.000000	0.000000	0.000000	0.000000	0.000000	0.000000	0.000000	0.000000	0.000001	0.000001	0.000003
46	Q	O	0.999901	0.000000	0.000010	0.000103	0.000000	0.000000	0.000000	0.000000	0.000000	0.000000	0.000000	0.000000	0.000000	0.000000	0.000000	0.000001	0.000001	0.000002
47	A	O	0.999936	0.000000	0.000007	0.000073	0.000000	0.000000	0.000000	0.000000	0.000000	0.000000	0.000000	0.000000	0.000000	0.000000	0.000000	0.000001	0.000001	0.000001
48	I	O	0.999959	0.000000	0.000005	0.000052	0.000000	0.000000	0.000000	0.000000	0.000000	0.000000	0.000000	0.000000	0.000000	0.000000	0.000000	0.000001	0.000001	0.000001
49	T	O	0.999977	0.000000	0.000003	0.000040	0.000000	0.000000	0.000000	0.000000	0.000000	0.000000	0.000000	0.000000	0.000000	0.000000	0.000000	0.000001	0.000001	0.000001
50	I	O	0.999988	0.000000	0.000002	0.000030	0.000000	0.000000	0.000000	0.000000	0.000000	0.000000	0.000000	0.000000	0.000000	0.000000	0.000000	0.000001	0.000001	0.000001
51	L	O	0.999998	0.000000	0.000001	0.000022	0.000000	0.000000	0.000000	0.000000	0.000000	0.000000	0.000000	0.000000	0.000000	0.000000	0.000000	0.000001	0.000000	0.000001
52	K	O	1.000000	0.000000	0.000001	0.000016	0.000000	0.000000	0.000000	0.000000	0.000000	0.000000	0.000000	0.000000	0.000000	0.000000	0.000000	0.000001	0.000000	0.000001
53	K	O	1.000000	0.000000	0.000000	0.000011	0.000000	0.000000	0.000000	0.000000	0.000000	0.000000	0.000000	0.000000	0.000000	0.000000	0.000000	0.000001	0.000000	0.000001
54	E	O	1.000000	0.000000	0.000000	0.000008	0.000000	0.000000	0.000000	0.000000	0.000000	0.000000	0.000000	0.000000	0.000000	0.000000	0.000000	0.000001	0.000001	0.000001
55	T	O	1.000000	0.000000	0.000000	0.000005	0.000000	0.000000	0.000000	0.000000	0.000000	0.000000	0.000000	0.000000	0.000000	0.000000	0.000000	0.000001	0.000001	0.000001
56	T	O	1.000000	0.000000	0.000000	0.000003	0.000000	0.000000	0.000000	0.000000	0.000000	0.000000	0.000000	0.000000	0.000000	0.000000	0.000000	0.000001	0.000001	0.000001
57	D	O	1.000000	0.000000	0.000000	0.000002	0.000000	0.000000	0.000000	0.000000	0.000000	0.000000	0.000000	0.000000	0.000000	0.000000	0.000000	0.000001	0.000001	0.000001
58	V	O	1.000000	0.000000	0.000000	0.000001	0.000000	0.000000	0.000000	0.000000	0.000000	0.000000	0.000000	0.000000	0.000000	0.000000	0.000000	0.000001	0.000001	0.000001
59	W	O	1.000000	0.000000	0.000000	0.000001	0.000000	0.000000	0.000000	0.000000	0.000000	0.000000	0.000000	0.000000	0.000000	0.000000	0.000000	0.000002	0.000001	0.000001
60	L	O	1.000000	0.000000	0.000000	0.000000	0.000001	0.000001	0.000000	0.000001	0.000000	0.000000	0.000000	0.000000	0.000000	0.000000	0.000000	0.000002	0.000001	0.000001
61	S	O	1.000000	0.000000	0.000000	0.000000	0.000001	0.000001	0.000000	0.000001	0.000000	0.000001	0.000001	0.000000	0.000000	0.000000	0.000000	0.000003	0.000001	0.000001
62	K	O	1.000000	0.000000	0.000000	0.000000	0.000001	0.000001	0.000001	0.000002	0.000000	0.000001	0.000001	0.000000	0.000000	0.000000	0.000000	0.000005	0.000001	0.000002
63	T	O	0.999995	0.000000	0.000000	0.000000	0.000001	0.000002	0.000001	0.000003	0.000000	0.000002	0.000002	0.000000	0.000000	0.000000	0.000000	0.000006	0.000003	0.000002
64	F	O	0.999979	0.000000	0.000000	0.000000	0.000001	0.000003	0.000001	0.000004	0.000000	0.000004	0.000003	0.000000	0.000000	0.000001	0.000001	0.000006	0.000005	0.000003
65	F	O	0.999971	0.000000	0.000000	0.000000	0.000001	0.000003	0.000002	0.000003	0.000000	0.000006	0.000005	0.000000	0.000000	0.000001	0.000001	0.000006	0.000007	0.000006
66	G	O	0.999962	0.000000	0.000000	0.000000	0.000000	0.000003	0.000003	0.000003	0.000000	0.000006	0.000009	0.000000	0.000000	0.000001	0.000002	0.000005	0.000007	0.000009
67	Q	O	0.999958	0.000000	0.000000	0.000000	0.000000	0.000003	0.000003	0.000001	0.000000	0.000005	0.000011	0.000000	0.000000	0.000001	0.000002	0.000003	0.000006	0.000009
68	S	O	0.999964	0.000000	0.000000	0.000000	0.000000	0.000002	0.000003	0.000000	0.000000	0.000004	0.000012	0.000000	0.000000	0.000001	0.000003	0.000000	0.000006	0.000010
69	I	O	0.999969	0.000000	0.000000	0.000000	0.000000	0.000000	0.000005	0.000000	0.000000	0.000000	0.000012	0.000000	0.000000	0.000000	0.000005	0.000000	0.000000	0.000012
70	N	O	0.999997	0.000000	0.000000	0.000000	0.000000	0.000000	0.000000	0.000000	0.000000	0.000000	0.000000	0.000000	0.000000	0.000000	0.000000	0.000000	0.000000	0.000000
