# Name=WP_011819142.1 arylsulfotransferase family protein [Prochlorococcus marinus]
# pos	aa	label	Other	Sec/SPI n	Sec/SPI h	Sec/SPI c	Sec/SPII n	Sec/SPII h	Sec/SPII cys	Tat/SPI n	Tat/SPI RR	Tat/SPI h	Tat/SPI c	Tat/SPII n	Tat/SPII RR	Tat/SPII h	Tat/SPII cys	Sec/SPIII P	Sec/SPIII cons.	Sec/SPIII h
1	M	O	0.970579	0.022120	0.000000	0.000000	0.000371	0.000000	0.000000	0.000000	0.000000	0.000000	0.000000	0.000000	0.000000	0.000000	0.000000	0.006970	0.000000	0.000000
2	F	O	0.970579	0.020270	0.001850	0.000000	0.000327	0.000044	0.000000	0.000000	0.000000	0.000000	0.000000	0.000000	0.000000	0.000000	0.000000	0.006180	0.000790	0.000000
3	K	O	0.970577	0.017963	0.004093	0.000064	0.000278	0.000093	0.000000	0.000000	0.000000	0.000000	0.000000	0.000000	0.000000	0.000000	0.000000	0.005420	0.001041	0.000510
4	K	O	0.971024	0.015349	0.006622	0.000132	0.000219	0.000151	0.000002	0.000000	0.000000	0.000000	0.000000	0.000000	0.000000	0.000000	0.000000	0.004256	0.001707	0.000576
5	I	O	0.971500	0.010975	0.010940	0.000136	0.000125	0.000238	0.000007	0.000000	0.000000	0.000000	0.000000	0.000000	0.000000	0.000000	0.000000	0.002084	0.003168	0.000866
6	E	O	0.972248	0.007692	0.014156	0.000138	0.000071	0.000284	0.000007	0.000000	0.000000	0.000000	0.000000	0.000000	0.000000	0.000000	0.000000	0.000744	0.003344	0.001349
7	I	O	0.973209	0.003285	0.018532	0.000089	0.000027	0.000311	0.000018	0.000000	0.000000	0.000000	0.000000	0.000000	0.000000	0.000000	0.000000	0.000170	0.002211	0.002186
8	W	O	0.974358	0.000969	0.020816	0.000068	0.000009	0.000308	0.000022	0.000000	0.000000	0.000000	0.000000	0.000000	0.000000	0.000000	0.000000	0.000034	0.000959	0.002501
9	I	O	0.975462	0.000236	0.021520	0.000053	0.000003	0.000284	0.000030	0.000000	0.000000	0.000000	0.000000	0.000000	0.000000	0.000000	0.000000	0.000005	0.000351	0.002094
10	L	O	0.976246	0.000048	0.021679	0.000048	0.000001	0.000244	0.000042	0.000000	0.000000	0.000000	0.000000	0.000000	0.000000	0.000000	0.000000	0.000001	0.000097	0.001634
11	Y	O	0.976786	0.000009	0.021681	0.000055	0.000000	0.000199	0.000045	0.000000	0.000000	0.000000	0.000000	0.000000	0.000000	0.000000	0.000000	0.000000	0.000024	0.001240
12	L	O	0.977205	0.000002	0.021646	0.000062	0.000000	0.000159	0.000041	0.000000	0.000000	0.000000	0.000000	0.000000	0.000000	0.000000	0.000000	0.000000	0.000005	0.000918
13	I	O	0.977518	0.000000	0.021596	0.000072	0.000000	0.000123	0.000035	0.000000	0.000000	0.000000	0.000000	0.000000	0.000000	0.000000	0.000000	0.000000	0.000001	0.000690
14	V	O	0.977750	0.000000	0.021527	0.000096	0.000000	0.000094	0.000029	0.000000	0.000000	0.000000	0.000000	0.000000	0.000000	0.000000	0.000000	0.000000	0.000000	0.000540
15	F	O	0.977953	0.000000	0.021430	0.000132	0.000000	0.000072	0.000022	0.000000	0.000000	0.000000	0.000000	0.000000	0.000000	0.000000	0.000000	0.000000	0.000000	0.000428
16	L	O	0.978149	0.000000	0.021302	0.000178	0.000000	0.000054	0.000017	0.000000	0.000000	0.000000	0.000000	0.000000	0.000000	0.000000	0.000000	0.000000	0.000000	0.000338
17	G	O	0.978340	0.000000	0.021111	0.000268	0.000000	0.000041	0.000013	0.000000	0.000000	0.000000	0.000000	0.000000	0.000000	0.000000	0.000000	0.000000	0.000000	0.000268
18	I	O	0.978541	0.000000	0.020810	0.000429	0.000000	0.000032	0.000010	0.000000	0.000000	0.000000	0.000000	0.000000	0.000000	0.000000	0.000000	0.000000	0.000000	0.000219
19	P	O	0.978783	0.000000	0.020254	0.000801	0.000000	0.000025	0.000007	0.000000	0.000000	0.000000	0.000000	0.000000	0.000000	0.000000	0.000000	0.000000	0.000000	0.000168
20	I	O	0.979098	0.000000	0.019233	0.001556	0.000000	0.000020	0.000005	0.000000	0.000000	0.000000	0.000000	0.000000	0.000000	0.000000	0.000000	0.000000	0.000000	0.000125
21	T	O	0.979462	0.000000	0.017171	0.003289	0.000000	0.000016	0.000004	0.000000	0.000000	0.000000	0.000000	0.000000	0.000000	0.000000	0.000000	0.000000	0.000000	0.000090
22	I	O	0.979902	0.000000	0.013398	0.006655	0.000000	0.000012	0.000004	0.000000	0.000000	0.000000	0.000000	0.000000	0.000000	0.000000	0.000000	0.000000	0.000000	0.000060
23	G	O	0.980609	0.000000	0.009384	0.009980	0.000000	0.000009	0.000003	0.000000	0.000000	0.000000	0.000000	0.000000	0.000000	0.000000	0.000000	0.000000	0.000000	0.000039
24	F	O	0.982046	0.000000	0.006775	0.011164	0.000000	0.000006	0.000004	0.000000	0.000000	0.000000	0.000000	0.000000	0.000000	0.000000	0.000000	0.000000	0.000000	0.000027
25	G	O	0.983649	0.000000	0.005173	0.011183	0.000000	0.000004	0.000002	0.000000	0.000000	0.000000	0.000000	0.000000	0.000000	0.000000	0.000000	0.000000	0.000000	0.000018
26	V	O	0.985853	0.000000	0.004095	0.010062	0.000000	0.000002	0.000002	0.000000	0.000000	0.000000	0.000000	0.000000	0.000000	0.000000	0.000000	0.000000	0.000000	0.000013
27	L	O	0.987626	0.000000	0.003139	0.009248	0.000000	0.000001	0.000001	0.000000	0.000000	0.000000	0.000000	0.000000	0.000000	0.000000	0.000000	0.000000	0.000000	0.000009
28	V	O	0.989442	0.000000	0.002260	0.008313	0.000000	0.000000	0.000001	0.000000	0.000000	0.000000	0.000000	0.000000	0.000000	0.000000	0.000000	0.000000	0.000000	0.000005
29	R	O	0.991299	0.000000	0.001446	0.007271	0.000000	0.000000	0.000000	0.000000	0.000000	0.000000	0.000000	0.000000	0.000000	0.000000	0.000000	0.000000	0.000000	0.000001
30	Q	O	0.992867	0.000000	0.000929	0.006223	0.000000	0.000000	0.000000	0.000000	0.000000	0.000000	0.000000	0.000000	0.000000	0.000000	0.000000	0.000000	0.000000	0.000000
31	E	O	0.994224	0.000000	0.000621	0.005177	0.000000	0.000000	0.000000	0.000000	0.000000	0.000000	0.000000	0.000000	0.000000	0.000000	0.000000	0.000000	0.000000	0.000000
32	L	O	0.995316	0.000000	0.000413	0.004291	0.000000	0.000000	0.000000	0.000000	0.000000	0.000000	0.000000	0.000000	0.000000	0.000000	0.000000	0.000000	0.000000	0.000000
33	I	O	0.996300	0.000000	0.000273	0.003445	0.000000	0.000000	0.000000	0.000000	0.000000	0.000000	0.000000	0.000000	0.000000	0.000000	0.000000	0.000000	0.000000	0.000000
34	G	O	0.997189	0.000000	0.000185	0.002648	0.000000	0.000000	0.000000	0.000000	0.000000	0.000000	0.000000	0.000000	0.000000	0.000000	0.000000	0.000000	0.000000	0.000000
35	S	O	0.997974	0.000000	0.000133	0.001914	0.000000	0.000000	0.000000	0.000000	0.000000	0.000000	0.000000	0.000000	0.000000	0.000000	0.000000	0.000001	0.000000	0.000000
36	T	O	0.998540	0.000000	0.000099	0.001383	0.000000	0.000000	0.000000	0.000000	0.000000	0.000000	0.000000	0.000000	0.000000	0.000000	0.000000	0.000001	0.000000	0.000000
37	K	O	0.998888	0.000000	0.000071	0.001063	0.000000	0.000000	0.000000	0.000000	0.000000	0.000000	0.000000	0.000000	0.000000	0.000000	0.000000	0.000001	0.000000	0.000000
38	L	O	0.999149	0.000000	0.000051	0.000825	0.000000	0.000000	0.000000	0.000000	0.000000	0.000000	0.000000	0.000000	0.000000	0.000000	0.000000	0.000001	0.000000	0.000000
39	G	O	0.999343	0.000000	0.000035	0.000646	0.000000	0.000000	0.000000	0.000000	0.000000	0.000000	0.000000	0.000000	0.000000	0.000000	0.000000	0.000002	0.000000	0.000000
40	R	O	0.999503	0.000000	0.000025	0.000491	0.000000	0.000000	0.000000	0.000000	0.000000	0.000000	0.000000	0.000000	0.000000	0.000000	0.000000	0.000002	0.000001	0.000001
41	V	O	0.999617	0.000000	0.000018	0.000387	0.000001	0.000001	0.000000	0.000000	0.000000	0.000000	0.000000	0.000000	0.000000	0.000000	0.000000	0.000002	0.000001	0.000001
42	S	O	0.999706	0.000000	0.000012	0.000300	0.000001	0.000001	0.000000	0.000000	0.000000	0.000000	0.000000	0.000000	0.000000	0.000000	0.000000	0.000003	0.000001	0.000001
43	K	O	0.999786	0.000000	0.000009	0.000225	0.000001	0.000001	0.000000	0.000000	0.000000	0.000000	0.000000	0.000000	0.000000	0.000000	0.000000	0.000004	0.000001	0.000001
44	T	O	0.999835	0.000000	0.000007	0.000169	0.000001	0.000001	0.000000	0.000001	0.000000	0.000000	0.000000	0.000000	0.000000	0.000000	0.000000	0.000004	0.000002	0.000001
45	A	O	0.999876	0.000000	0.000005	0.000128	0.000001	0.000002	0.000000	0.000001	0.000000	0.000000	0.000000	0.000000	0.000000	0.000000	0.000000	0.000004	0.000002	0.000002
46	L	O	0.999903	0.000000	0.000004	0.000096	0.000001	0.000002	0.000001	0.000001	0.000000	0.000001	0.000000	0.000000	0.000000	0.000000	0.000000	0.000004	0.000003	0.000002
47	F	O	0.999932	0.000000	0.000003	0.000072	0.000001	0.000003	0.000001	0.000001	0.000000	0.000001	0.000001	0.000000	0.000000	0.000000	0.000000	0.000004	0.000004	0.000004
48	L	O	0.999947	0.000000	0.000002	0.000051	0.000001	0.000002	0.000001	0.000001	0.000000	0.000001	0.000001	0.000000	0.000000	0.000000	0.000000	0.000003	0.000003	0.000004
49	A	O	0.999969	0.000000	0.000001	0.000034	0.000001	0.000002	0.000001	0.000001	0.000000	0.000001	0.000001	0.000000	0.000000	0.000000	0.000000	0.000004	0.000002	0.000004
50	E	O	0.999978	0.000000	0.000001	0.000023	0.000001	0.000002	0.000001	0.000001	0.000000	0.000001	0.000001	0.000000	0.000000	0.000000	0.000000	0.000004	0.000002	0.000003
51	I	O	0.999987	0.000000	0.000001	0.000016	0.000001	0.000002	0.000001	0.000002	0.000000	0.000001	0.000001	0.000000	0.000000	0.000000	0.000000	0.000005	0.000002	0.000003
52	P	O	0.999988	0.000000	0.000000	0.000011	0.000001	0.000002	0.000001	0.000002	0.000000	0.000001	0.000002	0.000000	0.000000	0.000000	0.000000	0.000006	0.000003	0.000003
53	M	O	0.999989	0.000000	0.000000	0.000008	0.000002	0.000003	0.000001	0.000003	0.000000	0.000002	0.000002	0.000000	0.000000	0.000000	0.000000	0.000008	0.000003	0.000003
54	N	O	0.999986	0.000000	0.000000	0.000005	0.000002	0.000003	0.000002	0.000004	0.000000	0.000002	0.000002	0.000000	0.000000	0.000000	0.000000	0.000010	0.000004	0.000004
55	L	O	0.999980	0.000000	0.000000	0.000004	0.000002	0.000003	0.000002	0.000005	0.000001	0.000003	0.000003	0.000000	0.000000	0.000000	0.000001	0.000012	0.000005	0.000005
56	K	O	0.999965	0.000000	0.000000	0.000003	0.000003	0.000004	0.000003	0.000006	0.000001	0.000004	0.000004	0.000000	0.000000	0.000001	0.000001	0.000016	0.000005	0.000006
57	K	O	0.999950	0.000000	0.000000	0.000002	0.000004	0.000005	0.000003	0.000009	0.000001	0.000006	0.000006	0.000000	0.000000	0.000001	0.000001	0.000021	0.000007	0.000007
58	I	O	0.999928	0.000000	0.000000	0.000001	0.000005	0.000007	0.000003	0.000013	0.000001	0.000008	0.000008	0.000000	0.000000	0.000001	0.000001	0.000026	0.000010	0.000009
59	F	O	0.999893	0.000000	0.000000	0.000001	0.000006	0.000009	0.000004	0.000018	0.000002	0.000013	0.000012	0.000001	0.000000	0.000001	0.000002	0.000033	0.000013	0.000013
60	L	O	0.999853	0.000000	0.000000	0.000001	0.000007	0.000011	0.000006	0.000024	0.000003	0.000018	0.000018	0.000001	0.000000	0.000002	0.000003	0.000040	0.000018	0.000017
61	S	O	0.999812	0.000000	0.000000	0.000000	0.000008	0.000013	0.000007	0.000030	0.000004	0.000025	0.000025	0.000001	0.000000	0.000003	0.000004	0.000050	0.000021	0.000022
62	N	O	0.999748	0.000000	0.000000	0.000000	0.000009	0.000016	0.000009	0.000039	0.000004	0.000033	0.000039	0.000001	0.000000	0.000004	0.000005	0.000063	0.000025	0.000029
63	Q	O	0.999675	0.000000	0.000000	0.000000	0.000010	0.000020	0.000011	0.000046	0.000005	0.000047	0.000056	0.000001	0.000000	0.000005	0.000008	0.000076	0.000033	0.000035
64	L	O	0.999579	0.000000	0.000000	0.000000	0.000009	0.000026	0.000013	0.000052	0.000004	0.000066	0.000082	0.000001	0.000000	0.000007	0.000011	0.000084	0.000046	0.000045
65	Q	O	0.999468	0.000000	0.000000	0.000000	0.000007	0.000032	0.000016	0.000052	0.000003	0.000084	0.000123	0.000001	0.000000	0.000010	0.000016	0.000088	0.000058	0.000062
66	V	O	0.999371	0.000000	0.000000	0.000000	0.000003	0.000035	0.000024	0.000043	0.000002	0.000096	0.000177	0.000001	0.000000	0.000013	0.000023	0.000073	0.000078	0.000082
67	A	O	0.999335	0.000000	0.000000	0.000000	0.000000	0.000033	0.000031	0.000022	0.000000	0.000091	0.000229	0.000000	0.000000	0.000015	0.000033	0.000040	0.000086	0.000107
68	G	O	0.999376	0.000000	0.000000	0.000000	0.000000	0.000021	0.000040	0.000000	0.000000	0.000059	0.000260	0.000000	0.000000	0.000012	0.000047	0.000000	0.000072	0.000130
69	E	O	0.999523	0.000000	0.000000	0.000000	0.000000	0.000000	0.000051	0.000000	0.000000	0.000000	0.000226	0.000000	0.000000	0.000000	0.000068	0.000000	0.000000	0.000140
70	R	O	1.000000	0.000000	0.000000	0.000000	0.000000	0.000000	0.000000	0.000000	0.000000	0.000000	0.000000	0.000000	0.000000	0.000000	0.000000	0.000000	0.000000	0.000000
