# Name=WP_041484532.1 hypothetical protein [Prochlorococcus marinus]
# pos	aa	label	Other	Sec/SPI n	Sec/SPI h	Sec/SPI c	Sec/SPII n	Sec/SPII h	Sec/SPII cys	Tat/SPI n	Tat/SPI RR	Tat/SPI h	Tat/SPI c	Tat/SPII n	Tat/SPII RR	Tat/SPII h	Tat/SPII cys	Sec/SPIII P	Sec/SPIII cons.	Sec/SPIII h
1	M	N	0.151848	0.847401	0.000000	0.000000	0.000720	0.000000	0.000000	0.000001	0.000000	0.000000	0.000000	0.000000	0.000000	0.000000	0.000000	0.000000	0.000000	0.000000
2	I	N	0.151848	0.840287	0.007115	0.000000	0.000695	0.000025	0.000000	0.000001	0.000000	0.000000	0.000000	0.000000	0.000000	0.000000	0.000000	0.000000	0.000000	0.000000
3	N	N	0.151849	0.615321	0.232065	0.000016	0.000450	0.000270	0.000000	0.000001	0.000000	0.000000	0.000000	0.000000	0.000000	0.000000	0.000000	0.000000	0.000000	0.000000
4	L	H	0.151861	0.051729	0.795605	0.000055	0.000082	0.000638	0.000000	0.000000	0.000000	0.000001	0.000000	0.000000	0.000000	0.000000	0.000000	0.000000	0.000000	0.000000
5	L	H	0.151899	0.006716	0.840262	0.000376	0.000020	0.000699	0.000001	0.000000	0.000000	0.000001	0.000000	0.000000	0.000000	0.000000	0.000000	0.000000	0.000000	0.000000
6	S	H	0.152112	0.001601	0.844368	0.001166	0.000007	0.000707	0.000006	0.000000	0.000000	0.000001	0.000000	0.000000	0.000000	0.000000	0.000000	0.000000	0.000000	0.000000
7	L	H	0.152818	0.000353	0.844368	0.001716	0.000002	0.000699	0.000012	0.000000	0.000000	0.000001	0.000000	0.000000	0.000000	0.000000	0.000000	0.000000	0.000000	0.000000
8	L	H	0.153571	0.000116	0.841031	0.004545	0.000001	0.000686	0.000014	0.000000	0.000000	0.000001	0.000000	0.000000	0.000000	0.000000	0.000000	0.000000	0.000000	0.000000
9	L	H	0.155109	0.000054	0.832915	0.011203	0.000000	0.000661	0.000026	0.000000	0.000000	0.000001	0.000000	0.000000	0.000000	0.000000	0.000000	0.000000	0.000000	0.000000
10	S	H	0.158126	0.000030	0.818540	0.022612	0.000000	0.000609	0.000052	0.000000	0.000000	0.000001	0.000000	0.000000	0.000000	0.000000	0.000000	0.000000	0.000000	0.000000
11	S	H	0.165496	0.000016	0.805093	0.028753	0.000000	0.000526	0.000083	0.000000	0.000000	0.000001	0.000000	0.000000	0.000000	0.000000	0.000000	0.000000	0.000000	0.000000
12	V	H	0.176928	0.000007	0.793616	0.028891	0.000000	0.000471	0.000055	0.000000	0.000000	0.000001	0.000000	0.000000	0.000000	0.000000	0.000000	0.000000	0.000000	0.000000
13	L	H	0.186273	0.000003	0.773436	0.039786	0.000000	0.000430	0.000041	0.000000	0.000000	0.000001	0.000000	0.000000	0.000000	0.000000	0.000000	0.000000	0.000000	0.000000
14	W	H	0.195220	0.000001	0.728224	0.076090	0.000000	0.000394	0.000036	0.000000	0.000000	0.000001	0.000000	0.000000	0.000000	0.000000	0.000000	0.000000	0.000000	0.000000
15	V	H	0.207190	0.000001	0.640893	0.151490	0.000000	0.000350	0.000044	0.000000	0.000000	0.000001	0.000000	0.000000	0.000000	0.000000	0.000000	0.000000	0.000000	0.000000
16	Q	H	0.221896	0.000000	0.430403	0.347319	0.000000	0.000313	0.000037	0.000000	0.000000	0.000000	0.000000	0.000000	0.000000	0.000000	0.000000	0.000000	0.000000	0.000000
17	V	H	0.259716	0.000000	0.303097	0.436841	0.000000	0.000234	0.000079	0.000000	0.000000	0.000000	0.000000	0.000000	0.000000	0.000000	0.000000	0.000000	0.000000	0.000000
18	P	C	0.297856	0.000000	0.108669	0.593204	0.000000	0.000165	0.000069	0.000000	0.000000	0.000000	0.000001	0.000000	0.000000	0.000000	0.000000	0.000000	0.000000	0.000000
19	Q	C	0.386693	0.000000	0.037151	0.575954	0.000000	0.000092	0.000073	0.000000	0.000000	0.000000	0.000001	0.000000	0.000000	0.000000	0.000000	0.000000	0.000000	0.000000
20	W	O	0.520880	0.000000	0.017486	0.461509	0.000000	0.000044	0.000048	0.000000	0.000000	0.000000	0.000000	0.000000	0.000000	0.000000	0.000000	0.000000	0.000000	0.000000
21	S	O	0.649843	0.000000	0.006677	0.343404	0.000000	0.000021	0.000023	0.000000	0.000000	0.000000	0.000000	0.000000	0.000000	0.000000	0.000000	0.000000	0.000000	0.000000
22	D	O	0.790082	0.000000	0.003242	0.206618	0.000000	0.000011	0.000010	0.000000	0.000000	0.000000	0.000000	0.000000	0.000000	0.000000	0.000000	0.000000	0.000000	0.000000
23	D	O	0.856664	0.000000	0.001325	0.141961	0.000000	0.000005	0.000005	0.000000	0.000000	0.000000	0.000000	0.000000	0.000000	0.000000	0.000000	0.000000	0.000000	0.000000
24	W	O	0.914162	0.000000	0.000673	0.085122	0.000000	0.000003	0.000003	0.000000	0.000000	0.000000	0.000000	0.000000	0.000000	0.000000	0.000000	0.000000	0.000000	0.000000
25	S	O	0.947506	0.000000	0.000255	0.052196	0.000000	0.000002	0.000001	0.000000	0.000000	0.000000	0.000000	0.000000	0.000000	0.000000	0.000000	0.000000	0.000000	0.000000
26	K	O	0.973663	0.000000	0.000129	0.026165	0.000000	0.000001	0.000001	0.000000	0.000000	0.000000	0.000000	0.000000	0.000000	0.000000	0.000000	0.000000	0.000000	0.000000
27	C	O	0.987132	0.000000	0.000073	0.012754	0.000000	0.000000	0.000000	0.000000	0.000000	0.000000	0.000000	0.000000	0.000000	0.000000	0.000000	0.000000	0.000000	0.000000
28	A	O	0.993939	0.000000	0.000047	0.005970	0.000000	0.000000	0.000000	0.000000	0.000000	0.000000	0.000000	0.000000	0.000000	0.000000	0.000000	0.000000	0.000000	0.000000
29	V	O	0.996855	0.000000	0.000030	0.003069	0.000000	0.000000	0.000000	0.000000	0.000000	0.000000	0.000000	0.000000	0.000000	0.000000	0.000000	0.000000	0.000000	0.000000
30	D	O	0.998150	0.000000	0.000019	0.001790	0.000000	0.000000	0.000000	0.000000	0.000000	0.000000	0.000000	0.000000	0.000000	0.000000	0.000000	0.000000	0.000000	0.000000
31	I	O	0.998833	0.000000	0.000012	0.001112	0.000000	0.000000	0.000000	0.000000	0.000000	0.000000	0.000000	0.000000	0.000000	0.000000	0.000000	0.000000	0.000000	0.000000
32	P	O	0.999191	0.000000	0.000006	0.000757	0.000000	0.000000	0.000000	0.000000	0.000000	0.000000	0.000000	0.000000	0.000000	0.000000	0.000000	0.000000	0.000000	0.000000
33	D	O	0.999449	0.000000	0.000003	0.000508	0.000000	0.000000	0.000000	0.000000	0.000000	0.000000	0.000000	0.000000	0.000000	0.000000	0.000000	0.000000	0.000000	0.000000
34	A	O	0.999624	0.000000	0.000002	0.000333	0.000000	0.000000	0.000000	0.000000	0.000000	0.000000	0.000000	0.000000	0.000000	0.000000	0.000000	0.000000	0.000000	0.000000
35	S	O	0.999746	0.000000	0.000001	0.000215	0.000000	0.000000	0.000000	0.000000	0.000000	0.000000	0.000000	0.000000	0.000000	0.000000	0.000000	0.000000	0.000000	0.000000
36	C	O	0.999826	0.000000	0.000001	0.000138	0.000000	0.000000	0.000000	0.000000	0.000000	0.000000	0.000000	0.000000	0.000000	0.000000	0.000000	0.000000	0.000000	0.000000
37	H	O	0.999878	0.000000	0.000000	0.000084	0.000000	0.000000	0.000000	0.000000	0.000000	0.000000	0.000000	0.000000	0.000000	0.000000	0.000000	0.000000	0.000000	0.000000
38	W	O	0.999913	0.000000	0.000000	0.000052	0.000000	0.000000	0.000000	0.000000	0.000000	0.000000	0.000000	0.000000	0.000000	0.000000	0.000000	0.000000	0.000000	0.000000
39	Y	O	0.999932	0.000000	0.000000	0.000033	0.000000	0.000000	0.000000	0.000000	0.000000	0.000000	0.000000	0.000000	0.000000	0.000000	0.000000	0.000000	0.000000	0.000000
40	I	O	0.999950	0.000000	0.000000	0.000020	0.000000	0.000000	0.000000	0.000000	0.000000	0.000000	0.000000	0.000000	0.000000	0.000000	0.000000	0.000000	0.000000	0.000000
41	A	O	0.999960	0.000000	0.000000	0.000013	0.000000	0.000000	0.000000	0.000000	0.000000	0.000000	0.000000	0.000000	0.000000	0.000000	0.000000	0.000000	0.000000	0.000000
42	A	O	0.999970	0.000000	0.000000	0.000009	0.000000	0.000001	0.000001	0.000000	0.000000	0.000000	0.000000	0.000000	0.000000	0.000000	0.000000	0.000000	0.000000	0.000000
43	P	O	0.999973	0.000000	0.000000	0.000006	0.000000	0.000001	0.000001	0.000000	0.000000	0.000000	0.000000	0.000000	0.000000	0.000000	0.000000	0.000000	0.000000	0.000000
44	D	O	0.999976	0.000000	0.000000	0.000004	0.000000	0.000001	0.000001	0.000000	0.000000	0.000000	0.000000	0.000000	0.000000	0.000000	0.000000	0.000000	0.000000	0.000000
45	N	O	0.999976	0.000000	0.000000	0.000003	0.000000	0.000001	0.000001	0.000000	0.000000	0.000000	0.000000	0.000000	0.000000	0.000000	0.000000	0.000000	0.000000	0.000000
46	T	O	0.999973	0.000000	0.000000	0.000002	0.000001	0.000001	0.000001	0.000000	0.000000	0.000000	0.000000	0.000000	0.000000	0.000000	0.000000	0.000000	0.000000	0.000000
47	F	O	0.999976	0.000000	0.000000	0.000001	0.000001	0.000002	0.000002	0.000000	0.000000	0.000000	0.000000	0.000000	0.000000	0.000000	0.000000	0.000000	0.000000	0.000000
48	G	O	0.999973	0.000000	0.000000	0.000001	0.000001	0.000002	0.000002	0.000000	0.000000	0.000000	0.000000	0.000000	0.000000	0.000000	0.000000	0.000000	0.000000	0.000000
49	E	O	0.999976	0.000000	0.000000	0.000000	0.000001	0.000002	0.000002	0.000000	0.000000	0.000000	0.000000	0.000000	0.000000	0.000000	0.000000	0.000000	0.000000	0.000000
50	G	O	0.999976	0.000000	0.000000	0.000000	0.000001	0.000002	0.000003	0.000000	0.000000	0.000000	0.000001	0.000000	0.000000	0.000000	0.000000	0.000000	0.000000	0.000000
51	F	O	0.999977	0.000000	0.000000	0.000000	0.000001	0.000003	0.000003	0.000000	0.000000	0.000000	0.000001	0.000000	0.000000	0.000000	0.000000	0.000001	0.000000	0.000000
52	D	O	0.999974	0.000000	0.000000	0.000000	0.000001	0.000003	0.000004	0.000001	0.000000	0.000001	0.000001	0.000000	0.000000	0.000000	0.000000	0.000001	0.000000	0.000000
53	W	O	0.999976	0.000000	0.000000	0.000000	0.000002	0.000004	0.000005	0.000001	0.000000	0.000001	0.000001	0.000000	0.000000	0.000000	0.000000	0.000001	0.000001	0.000001
54	A	O	0.999973	0.000000	0.000000	0.000000	0.000002	0.000005	0.000006	0.000001	0.000000	0.000001	0.000002	0.000000	0.000000	0.000000	0.000000	0.000001	0.000001	0.000001
55	S	O	0.999965	0.000000	0.000000	0.000000	0.000002	0.000006	0.000008	0.000002	0.000000	0.000001	0.000002	0.000000	0.000000	0.000000	0.000000	0.000002	0.000001	0.000001
56	A	O	0.999961	0.000000	0.000000	0.000000	0.000003	0.000007	0.000009	0.000002	0.000000	0.000002	0.000003	0.000000	0.000000	0.000000	0.000000	0.000002	0.000001	0.000002
57	P	O	0.999956	0.000000	0.000000	0.000000	0.000003	0.000009	0.000012	0.000003	0.000000	0.000003	0.000005	0.000000	0.000000	0.000000	0.000000	0.000003	0.000002	0.000002
58	W	O	0.999944	0.000000	0.000000	0.000000	0.000004	0.000011	0.000014	0.000004	0.000000	0.000004	0.000007	0.000000	0.000000	0.000000	0.000001	0.000004	0.000002	0.000003
59	F	O	0.999929	0.000000	0.000000	0.000000	0.000005	0.000013	0.000017	0.000006	0.000001	0.000006	0.000010	0.000000	0.000000	0.000000	0.000001	0.000006	0.000003	0.000004
60	D	O	0.999903	0.000000	0.000000	0.000000	0.000005	0.000017	0.000023	0.000009	0.000001	0.000008	0.000015	0.000000	0.000000	0.000001	0.000002	0.000009	0.000004	0.000005
61	A	O	0.999871	0.000000	0.000000	0.000000	0.000006	0.000020	0.000027	0.000013	0.000001	0.000011	0.000020	0.000000	0.000000	0.000001	0.000002	0.000012	0.000006	0.000008
62	N	O	0.999831	0.000000	0.000000	0.000000	0.000007	0.000024	0.000035	0.000018	0.000002	0.000016	0.000029	0.000000	0.000000	0.000002	0.000004	0.000016	0.000009	0.000011
63	G	O	0.999765	0.000000	0.000000	0.000000	0.000008	0.000028	0.000044	0.000026	0.000003	0.000024	0.000044	0.000000	0.000000	0.000002	0.000006	0.000022	0.000012	0.000015
64	L	O	0.999689	0.000000	0.000000	0.000000	0.000008	0.000034	0.000053	0.000035	0.000003	0.000037	0.000065	0.000001	0.000000	0.000004	0.000009	0.000028	0.000018	0.000022
65	S	O	0.999565	0.000000	0.000000	0.000000	0.000007	0.000041	0.000068	0.000046	0.000003	0.000055	0.000103	0.000001	0.000000	0.000006	0.000014	0.000035	0.000026	0.000032
66	D	O	0.999415	0.000000	0.000000	0.000000	0.000005	0.000047	0.000087	0.000052	0.000003	0.000082	0.000160	0.000001	0.000000	0.000009	0.000023	0.000038	0.000037	0.000047
67	V	O	0.999216	0.000000	0.000000	0.000000	0.000000	0.000053	0.000110	0.000041	0.000000	0.000119	0.000256	0.000000	0.000000	0.000014	0.000040	0.000028	0.000053	0.000071
68	P	O	0.998965	0.000000	0.000000	0.000000	0.000000	0.000044	0.000173	0.000000	0.000000	0.000129	0.000442	0.000000	0.000000	0.000023	0.000060	0.000000	0.000060	0.000109
69	S	O	0.998744	0.000000	0.000000	0.000000	0.000000	0.000000	0.000220	0.000000	0.000000	0.000000	0.000699	0.000000	0.000000	0.000000	0.000186	0.000000	0.000000	0.000155
70	I	O	1.000000	0.000000	0.000000	0.000000	0.000000	0.000000	0.000000	0.000000	0.000000	0.000000	0.000000	0.000000	0.000000	0.000000	0.000000	0.000000	0.000000	0.000000
