# Name=WP_011818926.1 cell division protein FtsQ/DivIB [Prochlorococcus marinus]
# pos	aa	label	Other	Sec/SPI n	Sec/SPI h	Sec/SPI c	Sec/SPII n	Sec/SPII h	Sec/SPII cys	Tat/SPI n	Tat/SPI RR	Tat/SPI h	Tat/SPI c	Tat/SPII n	Tat/SPII RR	Tat/SPII h	Tat/SPII cys	Sec/SPIII P	Sec/SPIII cons.	Sec/SPIII h
1	M	O	0.661411	0.337577	0.000000	0.000000	0.000773	0.000000	0.000000	0.000000	0.000000	0.000000	0.000000	0.000000	0.000000	0.000000	0.000000	0.000236	0.000000	0.000000
2	T	O	0.661412	0.324358	0.013221	0.000000	0.000724	0.000049	0.000000	0.000000	0.000000	0.000000	0.000000	0.000000	0.000000	0.000000	0.000000	0.000200	0.000036	0.000000
3	F	O	0.661414	0.312425	0.024906	0.000249	0.000676	0.000097	0.000000	0.000000	0.000000	0.000000	0.000000	0.000000	0.000000	0.000000	0.000000	0.000170	0.000042	0.000024
4	E	O	0.661468	0.305483	0.031262	0.000802	0.000643	0.000128	0.000001	0.000000	0.000000	0.000000	0.000000	0.000000	0.000000	0.000000	0.000000	0.000149	0.000034	0.000034
5	N	O	0.661610	0.300124	0.035875	0.001436	0.000616	0.000152	0.000003	0.000000	0.000000	0.000000	0.000000	0.000000	0.000000	0.000000	0.000000	0.000132	0.000027	0.000031
6	Q	O	0.661878	0.294978	0.040291	0.001932	0.000589	0.000175	0.000005	0.000000	0.000000	0.000000	0.000000	0.000000	0.000000	0.000000	0.000000	0.000117	0.000023	0.000026
7	K	O	0.662244	0.289747	0.044804	0.002309	0.000561	0.000198	0.000005	0.000000	0.000000	0.000000	0.000000	0.000000	0.000000	0.000000	0.000000	0.000104	0.000020	0.000021
8	K	O	0.662702	0.283744	0.050166	0.002514	0.000527	0.000226	0.000005	0.000000	0.000000	0.000000	0.000000	0.000000	0.000000	0.000000	0.000000	0.000090	0.000021	0.000018
9	I	O	0.663246	0.275678	0.057717	0.002503	0.000483	0.000264	0.000006	0.000000	0.000000	0.000000	0.000000	0.000000	0.000000	0.000000	0.000000	0.000074	0.000023	0.000017
10	K	O	0.663839	0.266789	0.066129	0.002400	0.000443	0.000298	0.000006	0.000000	0.000000	0.000000	0.000000	0.000000	0.000000	0.000000	0.000000	0.000059	0.000026	0.000016
11	N	O	0.664539	0.248918	0.083726	0.001994	0.000384	0.000346	0.000012	0.000000	0.000000	0.000000	0.000000	0.000000	0.000000	0.000000	0.000000	0.000035	0.000038	0.000015
12	R	O	0.665290	0.200287	0.132225	0.001398	0.000276	0.000427	0.000026	0.000000	0.000000	0.000000	0.000000	0.000000	0.000000	0.000000	0.000000	0.000013	0.000045	0.000021
13	S	O	0.666023	0.067412	0.265040	0.000760	0.000103	0.000588	0.000012	0.000000	0.000000	0.000000	0.000000	0.000000	0.000000	0.000000	0.000000	0.000003	0.000030	0.000036
14	F	O	0.666463	0.012508	0.319856	0.000430	0.000033	0.000647	0.000011	0.000000	0.000000	0.000000	0.000000	0.000000	0.000000	0.000000	0.000000	0.000001	0.000013	0.000047
15	F	O	0.666713	0.002340	0.329871	0.000355	0.000011	0.000656	0.000013	0.000000	0.000000	0.000000	0.000000	0.000000	0.000000	0.000000	0.000000	0.000000	0.000005	0.000045
16	F	O	0.666924	0.000463	0.331516	0.000399	0.000004	0.000647	0.000016	0.000000	0.000000	0.000000	0.000000	0.000000	0.000000	0.000000	0.000000	0.000000	0.000002	0.000038
17	L	O	0.667161	0.000098	0.331533	0.000532	0.000002	0.000631	0.000018	0.000000	0.000000	0.000000	0.000000	0.000000	0.000000	0.000000	0.000000	0.000000	0.000001	0.000032
18	I	O	0.667464	0.000021	0.331126	0.000732	0.000001	0.000611	0.000021	0.000000	0.000000	0.000000	0.000000	0.000000	0.000000	0.000000	0.000000	0.000000	0.000000	0.000026
19	S	O	0.667851	0.000005	0.330395	0.001121	0.000000	0.000588	0.000023	0.000000	0.000000	0.000000	0.000000	0.000000	0.000000	0.000000	0.000000	0.000000	0.000000	0.000021
20	F	O	0.668444	0.000001	0.329358	0.001595	0.000000	0.000567	0.000022	0.000000	0.000000	0.000000	0.000000	0.000000	0.000000	0.000000	0.000000	0.000000	0.000000	0.000017
21	F	O	0.669167	0.000000	0.327543	0.002712	0.000000	0.000546	0.000021	0.000000	0.000000	0.000000	0.000000	0.000000	0.000000	0.000000	0.000000	0.000000	0.000000	0.000014
22	F	O	0.670145	0.000000	0.323844	0.005460	0.000000	0.000524	0.000023	0.000000	0.000000	0.000000	0.000000	0.000000	0.000000	0.000000	0.000000	0.000000	0.000000	0.000011
23	L	O	0.671709	0.000000	0.316291	0.011471	0.000000	0.000499	0.000025	0.000000	0.000000	0.000000	0.000000	0.000000	0.000000	0.000000	0.000000	0.000000	0.000000	0.000009
24	T	O	0.673797	0.000000	0.301618	0.024082	0.000000	0.000471	0.000028	0.000000	0.000000	0.000000	0.000000	0.000000	0.000000	0.000000	0.000000	0.000000	0.000000	0.000007
25	S	O	0.677079	0.000000	0.278405	0.044042	0.000000	0.000440	0.000031	0.000000	0.000000	0.000000	0.000000	0.000000	0.000000	0.000000	0.000000	0.000000	0.000000	0.000006
26	L	O	0.681716	0.000000	0.237836	0.080004	0.000000	0.000387	0.000053	0.000000	0.000000	0.000000	0.000000	0.000000	0.000000	0.000000	0.000000	0.000000	0.000000	0.000005
27	L	O	0.687805	0.000000	0.183071	0.128736	0.000000	0.000331	0.000056	0.000000	0.000000	0.000000	0.000000	0.000000	0.000000	0.000000	0.000000	0.000000	0.000000	0.000004
28	S	O	0.697058	0.000000	0.116828	0.185779	0.000000	0.000262	0.000070	0.000000	0.000000	0.000000	0.000000	0.000000	0.000000	0.000000	0.000000	0.000000	0.000000	0.000003
29	I	O	0.720412	0.000000	0.069930	0.209394	0.000000	0.000131	0.000131	0.000000	0.000000	0.000000	0.000000	0.000000	0.000000	0.000000	0.000000	0.000000	0.000000	0.000002
30	K	O	0.750950	0.000000	0.031050	0.217862	0.000000	0.000049	0.000082	0.000000	0.000000	0.000000	0.000000	0.000000	0.000000	0.000000	0.000000	0.000000	0.000000	0.000002
31	T	O	0.807753	0.000000	0.017094	0.175098	0.000000	0.000012	0.000037	0.000000	0.000000	0.000000	0.000000	0.000000	0.000000	0.000000	0.000000	0.000000	0.000000	0.000001
32	L	O	0.868971	0.000000	0.010179	0.120832	0.000000	0.000003	0.000009	0.000000	0.000000	0.000000	0.000000	0.000000	0.000000	0.000000	0.000000	0.000000	0.000000	0.000000
33	K	O	0.907707	0.000000	0.005006	0.087276	0.000000	0.000001	0.000002	0.000000	0.000000	0.000000	0.000000	0.000000	0.000000	0.000000	0.000000	0.000000	0.000000	0.000000
34	K	O	0.942460	0.000000	0.003009	0.054523	0.000000	0.000001	0.000001	0.000000	0.000000	0.000000	0.000000	0.000000	0.000000	0.000000	0.000000	0.000000	0.000000	0.000000
35	V	O	0.964908	0.000000	0.002039	0.033045	0.000000	0.000000	0.000000	0.000000	0.000000	0.000000	0.000000	0.000000	0.000000	0.000000	0.000000	0.000000	0.000000	0.000000
36	D	O	0.976843	0.000000	0.001380	0.021770	0.000000	0.000000	0.000000	0.000000	0.000000	0.000000	0.000000	0.000000	0.000000	0.000000	0.000000	0.000000	0.000000	0.000000
37	I	O	0.984109	0.000000	0.000948	0.014934	0.000000	0.000000	0.000000	0.000000	0.000000	0.000000	0.000000	0.000000	0.000000	0.000000	0.000000	0.000000	0.000000	0.000000
38	K	O	0.989097	0.000000	0.000636	0.010265	0.000000	0.000000	0.000000	0.000000	0.000000	0.000000	0.000000	0.000000	0.000000	0.000000	0.000000	0.000000	0.000000	0.000000
39	D	O	0.992262	0.000000	0.000428	0.007302	0.000000	0.000000	0.000000	0.000000	0.000000	0.000000	0.000000	0.000000	0.000000	0.000000	0.000000	0.000001	0.000000	0.000000
40	I	O	0.994251	0.000000	0.000286	0.005457	0.000000	0.000001	0.000000	0.000000	0.000000	0.000000	0.000000	0.000000	0.000000	0.000000	0.000000	0.000001	0.000000	0.000000
41	R	O	0.995556	0.000000	0.000173	0.004263	0.000001	0.000001	0.000001	0.000000	0.000000	0.000000	0.000000	0.000000	0.000000	0.000000	0.000000	0.000001	0.000000	0.000000
42	V	O	0.996578	0.000000	0.000101	0.003313	0.000001	0.000001	0.000001	0.000000	0.000000	0.000000	0.000000	0.000000	0.000000	0.000000	0.000000	0.000001	0.000000	0.000001
43	S	O	0.997512	0.000000	0.000060	0.002417	0.000001	0.000001	0.000001	0.000000	0.000000	0.000000	0.000000	0.000000	0.000000	0.000000	0.000000	0.000002	0.000001	0.000001
44	G	O	0.998213	0.000000	0.000036	0.001739	0.000001	0.000002	0.000001	0.000000	0.000000	0.000000	0.000001	0.000000	0.000000	0.000000	0.000000	0.000002	0.000001	0.000001
45	S	O	0.998834	0.000000	0.000024	0.001131	0.000001	0.000002	0.000001	0.000001	0.000000	0.000000	0.000001	0.000000	0.000000	0.000000	0.000000	0.000002	0.000001	0.000001
46	E	O	0.999173	0.000000	0.000016	0.000799	0.000002	0.000002	0.000001	0.000001	0.000000	0.000001	0.000001	0.000000	0.000000	0.000000	0.000000	0.000003	0.000001	0.000001
47	L	O	0.999402	0.000000	0.000010	0.000570	0.000002	0.000003	0.000002	0.000001	0.000000	0.000001	0.000001	0.000000	0.000000	0.000000	0.000000	0.000004	0.000001	0.000002
48	F	O	0.999574	0.000000	0.000007	0.000402	0.000002	0.000004	0.000002	0.000001	0.000000	0.000001	0.000002	0.000000	0.000000	0.000000	0.000000	0.000005	0.000002	0.000002
49	S	O	0.999699	0.000000	0.000004	0.000277	0.000003	0.000005	0.000003	0.000002	0.000000	0.000001	0.000002	0.000000	0.000000	0.000000	0.000000	0.000006	0.000002	0.000003
50	P	O	0.999791	0.000000	0.000003	0.000181	0.000003	0.000005	0.000003	0.000002	0.000000	0.000002	0.000003	0.000000	0.000000	0.000000	0.000000	0.000007	0.000003	0.000003
51	N	O	0.999849	0.000000	0.000002	0.000118	0.000004	0.000006	0.000004	0.000003	0.000000	0.000003	0.000003	0.000000	0.000000	0.000000	0.000000	0.000009	0.000003	0.000004
52	D	O	0.999875	0.000000	0.000001	0.000078	0.000005	0.000007	0.000005	0.000004	0.000000	0.000003	0.000004	0.000000	0.000000	0.000000	0.000001	0.000011	0.000004	0.000005
53	V	O	0.999888	0.000000	0.000001	0.000052	0.000007	0.000009	0.000006	0.000005	0.000001	0.000004	0.000006	0.000000	0.000000	0.000001	0.000001	0.000014	0.000005	0.000006
54	I	O	0.999890	0.000000	0.000000	0.000034	0.000008	0.000011	0.000007	0.000007	0.000001	0.000006	0.000008	0.000000	0.000000	0.000001	0.000001	0.000018	0.000007	0.000008
55	N	O	0.999876	0.000000	0.000000	0.000022	0.000011	0.000014	0.000009	0.000009	0.000001	0.000007	0.000011	0.000000	0.000000	0.000001	0.000002	0.000023	0.000008	0.000009
56	N	O	0.999853	0.000000	0.000000	0.000014	0.000014	0.000017	0.000011	0.000013	0.000001	0.000010	0.000014	0.000001	0.000000	0.000001	0.000002	0.000031	0.000010	0.000012
57	S	O	0.999809	0.000000	0.000000	0.000009	0.000018	0.000023	0.000013	0.000019	0.000002	0.000013	0.000019	0.000001	0.000000	0.000002	0.000003	0.000041	0.000014	0.000015
58	S	O	0.999748	0.000000	0.000000	0.000006	0.000024	0.000030	0.000017	0.000027	0.000003	0.000019	0.000026	0.000001	0.000000	0.000003	0.000005	0.000054	0.000019	0.000021
59	L	O	0.999662	0.000000	0.000000	0.000003	0.000032	0.000039	0.000023	0.000038	0.000004	0.000028	0.000035	0.000002	0.000001	0.000004	0.000007	0.000071	0.000026	0.000028
60	K	O	0.999548	0.000000	0.000000	0.000002	0.000041	0.000051	0.000030	0.000052	0.000007	0.000040	0.000050	0.000002	0.000001	0.000006	0.000010	0.000095	0.000034	0.000037
61	F	O	0.999384	0.000000	0.000000	0.000001	0.000050	0.000070	0.000037	0.000077	0.000008	0.000059	0.000068	0.000003	0.000001	0.000009	0.000014	0.000122	0.000048	0.000049
62	P	O	0.999162	0.000000	0.000000	0.000001	0.000059	0.000097	0.000048	0.000109	0.000010	0.000087	0.000101	0.000004	0.000001	0.000013	0.000020	0.000156	0.000065	0.000067
63	I	O	0.998896	0.000000	0.000000	0.000001	0.000066	0.000131	0.000060	0.000135	0.000013	0.000134	0.000141	0.000005	0.000001	0.000019	0.000028	0.000190	0.000090	0.000088
64	R	O	0.998538	0.000000	0.000000	0.000000	0.000069	0.000170	0.000089	0.000168	0.000017	0.000184	0.000218	0.000006	0.000001	0.000028	0.000041	0.000229	0.000117	0.000125
65	L	O	0.998164	0.000000	0.000000	0.000000	0.000057	0.000222	0.000105	0.000194	0.000013	0.000262	0.000307	0.000005	0.000001	0.000041	0.000057	0.000242	0.000167	0.000158
66	I	O	0.997763	0.000000	0.000000	0.000000	0.000033	0.000270	0.000146	0.000173	0.000008	0.000347	0.000451	0.000003	0.000000	0.000057	0.000085	0.000210	0.000231	0.000219
67	F	O	0.997443	0.000000	0.000000	0.000000	0.000000	0.000279	0.000221	0.000108	0.000000	0.000382	0.000650	0.000000	0.000000	0.000066	0.000133	0.000143	0.000253	0.000316
68	V	O	0.997526	0.000000	0.000000	0.000000	0.000000	0.000231	0.000246	0.000000	0.000000	0.000304	0.000834	0.000000	0.000000	0.000065	0.000165	0.000000	0.000268	0.000357
69	K	O	0.997535	0.000000	0.000000	0.000000	0.000000	0.000000	0.000598	0.000000	0.000000	0.000000	0.001026	0.000000	0.000000	0.000000	0.000326	0.000000	0.000000	0.000515
70	T	O	0.999997	0.000000	0.000000	0.000000	0.000000	0.000000	0.000000	0.000000	0.000000	0.000000	0.000000	0.000000	0.000000	0.000000	0.000000	0.000000	0.000000	0.000000
