# Name=WP_011818897.1 TIGR03792 family protein [Prochlorococcus marinus]
# pos	aa	label	Other	Sec/SPI n	Sec/SPI h	Sec/SPI c	Sec/SPII n	Sec/SPII h	Sec/SPII cys	Tat/SPI n	Tat/SPI RR	Tat/SPI h	Tat/SPI c	Tat/SPII n	Tat/SPII RR	Tat/SPII h	Tat/SPII cys	Sec/SPIII P	Sec/SPIII cons.	Sec/SPIII h
1	M	N	0.000443	0.999253	0.000000	0.000000	0.000261	0.000000	0.000000	0.000000	0.000000	0.000000	0.000000	0.000000	0.000000	0.000000	0.000000	0.000000	0.000000	0.000000
2	S	N	0.000443	0.978790	0.020460	0.000000	0.000248	0.000014	0.000000	0.000000	0.000000	0.000000	0.000000	0.000000	0.000000	0.000000	0.000000	0.000000	0.000000	0.000000
3	F	N	0.000443	0.918822	0.080428	0.000001	0.000213	0.000049	0.000000	0.000000	0.000000	0.000000	0.000000	0.000000	0.000000	0.000000	0.000000	0.000000	0.000000	0.000000
4	N	N	0.000443	0.901696	0.097552	0.000010	0.000200	0.000061	0.000000	0.000000	0.000000	0.000000	0.000000	0.000000	0.000000	0.000000	0.000000	0.000000	0.000000	0.000000
5	L	N	0.000446	0.890736	0.108500	0.000017	0.000191	0.000070	0.000001	0.000000	0.000000	0.000000	0.000000	0.000000	0.000000	0.000000	0.000000	0.000000	0.000000	0.000000
6	N	N	0.000450	0.884593	0.114633	0.000028	0.000185	0.000075	0.000001	0.000000	0.000000	0.000000	0.000000	0.000000	0.000000	0.000000	0.000000	0.000000	0.000000	0.000000
7	L	N	0.000457	0.878319	0.120902	0.000034	0.000179	0.000080	0.000001	0.000000	0.000000	0.000000	0.000000	0.000000	0.000000	0.000000	0.000000	0.000000	0.000000	0.000000
8	K	N	0.000465	0.873161	0.126045	0.000039	0.000174	0.000083	0.000001	0.000000	0.000000	0.000000	0.000000	0.000000	0.000000	0.000000	0.000000	0.000000	0.000000	0.000000
9	K	N	0.000474	0.865157	0.134047	0.000039	0.000168	0.000088	0.000002	0.000000	0.000000	0.000000	0.000000	0.000000	0.000000	0.000000	0.000000	0.000000	0.000000	0.000000
10	N	N	0.000485	0.841487	0.157714	0.000034	0.000153	0.000101	0.000002	0.000000	0.000000	0.000000	0.000000	0.000000	0.000000	0.000000	0.000000	0.000000	0.000000	0.000000
11	F	N	0.000497	0.784472	0.214726	0.000026	0.000130	0.000123	0.000001	0.000000	0.000000	0.000000	0.000000	0.000000	0.000000	0.000000	0.000000	0.000000	0.000000	0.000000
12	Q	N	0.000506	0.728346	0.270852	0.000020	0.000115	0.000137	0.000001	0.000000	0.000000	0.000000	0.000000	0.000000	0.000000	0.000000	0.000000	0.000000	0.000000	0.000000
13	R	N	0.000515	0.591893	0.407296	0.000013	0.000088	0.000160	0.000003	0.000000	0.000000	0.000000	0.000000	0.000000	0.000000	0.000000	0.000000	0.000000	0.000000	0.000000
14	F	H	0.000527	0.055690	0.943500	0.000005	0.000014	0.000233	0.000001	0.000000	0.000000	0.000000	0.000000	0.000000	0.000000	0.000000	0.000000	0.000000	0.000000	0.000000
15	C	H	0.000531	0.008387	0.990803	0.000003	0.000003	0.000243	0.000001	0.000000	0.000000	0.000000	0.000000	0.000000	0.000000	0.000000	0.000000	0.000000	0.000000	0.000000
16	L	H	0.000533	0.001277	0.997912	0.000003	0.000001	0.000245	0.000001	0.000000	0.000000	0.000000	0.000000	0.000000	0.000000	0.000000	0.000000	0.000000	0.000000	0.000000
17	L	H	0.000536	0.000190	0.998993	0.000004	0.000000	0.000244	0.000001	0.000000	0.000000	0.000000	0.000000	0.000000	0.000000	0.000000	0.000000	0.000000	0.000000	0.000000
18	L	H	0.000539	0.000034	0.999146	0.000009	0.000000	0.000243	0.000002	0.000000	0.000000	0.000000	0.000000	0.000000	0.000000	0.000000	0.000000	0.000000	0.000000	0.000000
19	I	H	0.000544	0.000006	0.999153	0.000024	0.000000	0.000239	0.000003	0.000000	0.000000	0.000000	0.000000	0.000000	0.000000	0.000000	0.000000	0.000000	0.000000	0.000000
20	C	H	0.000552	0.000001	0.999100	0.000074	0.000000	0.000231	0.000008	0.000000	0.000000	0.000000	0.000000	0.000000	0.000000	0.000000	0.000000	0.000000	0.000000	0.000000
21	S	H	0.000568	0.000000	0.998932	0.000239	0.000000	0.000223	0.000008	0.000000	0.000000	0.000000	0.000000	0.000000	0.000000	0.000000	0.000000	0.000000	0.000000	0.000000
22	V	H	0.000591	0.000000	0.998513	0.000641	0.000000	0.000213	0.000010	0.000000	0.000000	0.000000	0.000000	0.000000	0.000000	0.000000	0.000000	0.000000	0.000000	0.000000
23	V	H	0.000615	0.000000	0.996671	0.002471	0.000000	0.000206	0.000008	0.000000	0.000000	0.000000	0.000000	0.000000	0.000000	0.000000	0.000000	0.000000	0.000000	0.000000
24	L	H	0.000639	0.000000	0.988101	0.011024	0.000000	0.000197	0.000009	0.000000	0.000000	0.000000	0.000000	0.000000	0.000000	0.000000	0.000000	0.000000	0.000000	0.000000
25	I	H	0.000671	0.000000	0.949189	0.049910	0.000000	0.000181	0.000016	0.000000	0.000000	0.000000	0.000000	0.000000	0.000000	0.000000	0.000000	0.000000	0.000000	0.000000
26	F	H	0.000729	0.000000	0.808868	0.190195	0.000000	0.000147	0.000034	0.000000	0.000000	0.000000	0.000000	0.000000	0.000000	0.000000	0.000000	0.000000	0.000000	0.000000
27	Q	C	0.000848	0.000000	0.448701	0.550272	0.000000	0.000099	0.000049	0.000000	0.000000	0.000000	0.000000	0.000000	0.000000	0.000000	0.000000	0.000000	0.000000	0.000000
28	S	C	0.001381	0.000000	0.297736	0.700754	0.000000	0.000050	0.000049	0.000000	0.000000	0.000000	0.000000	0.000000	0.000000	0.000000	0.000000	0.000000	0.000000	0.000000
29	E	C	0.001867	0.000000	0.159369	0.838680	0.000000	0.000016	0.000034	0.000000	0.000000	0.000000	0.000000	0.000000	0.000000	0.000000	0.000000	0.000000	0.000000	0.000000
30	F	C	0.002494	0.000000	0.098400	0.899059	0.000000	0.000006	0.000010	0.000000	0.000000	0.000000	0.000000	0.000000	0.000000	0.000000	0.000000	0.000000	0.000000	0.000000
31	P	C	0.002956	0.000000	0.016089	0.980920	0.000000	0.000003	0.000003	0.000000	0.000000	0.000000	0.000000	0.000000	0.000000	0.000000	0.000000	0.000000	0.000000	0.000000
32	N	C	0.004216	0.000000	0.001532	0.994218	0.000000	0.000001	0.000002	0.000000	0.000000	0.000000	0.000000	0.000000	0.000000	0.000000	0.000000	0.000000	0.000000	0.000000
33	L	C	0.008705	0.000000	0.000314	0.990947	0.000000	0.000001	0.000001	0.000000	0.000000	0.000000	0.000000	0.000000	0.000000	0.000000	0.000000	0.000000	0.000000	0.000000
34	K	C	0.015995	0.000000	0.000018	0.983948	0.000000	0.000000	0.000000	0.000000	0.000000	0.000000	0.000000	0.000000	0.000000	0.000000	0.000000	0.000000	0.000000	0.000000
35	A	C	0.061909	0.000000	0.000001	0.938059	0.000000	0.000000	0.000000	0.000000	0.000000	0.000000	0.000000	0.000000	0.000000	0.000000	0.000000	0.000000	0.000000	0.000000
36	L	O	0.950568	0.000000	0.000001	0.049395	0.000000	0.000000	0.000000	0.000000	0.000000	0.000000	0.000000	0.000000	0.000000	0.000000	0.000000	0.000000	0.000000	0.000000
37	T	O	0.980260	0.000000	0.000000	0.019710	0.000000	0.000000	0.000000	0.000000	0.000000	0.000000	0.000000	0.000000	0.000000	0.000000	0.000000	0.000000	0.000000	0.000000
38	M	O	0.991227	0.000000	0.000000	0.008743	0.000000	0.000000	0.000000	0.000000	0.000000	0.000000	0.000000	0.000000	0.000000	0.000000	0.000000	0.000000	0.000000	0.000000
39	D	O	0.995628	0.000000	0.000000	0.004339	0.000000	0.000000	0.000000	0.000000	0.000000	0.000000	0.000000	0.000000	0.000000	0.000000	0.000000	0.000000	0.000000	0.000000
40	N	O	0.997558	0.000000	0.000000	0.002413	0.000000	0.000000	0.000000	0.000000	0.000000	0.000000	0.000000	0.000000	0.000000	0.000000	0.000000	0.000000	0.000000	0.000000
41	F	O	0.998556	0.000000	0.000000	0.001413	0.000000	0.000000	0.000000	0.000000	0.000000	0.000000	0.000000	0.000000	0.000000	0.000000	0.000000	0.000000	0.000000	0.000000
42	Q	O	0.999084	0.000000	0.000000	0.000892	0.000000	0.000000	0.000000	0.000000	0.000000	0.000000	0.000000	0.000000	0.000000	0.000000	0.000000	0.000000	0.000000	0.000000
43	S	O	0.999426	0.000000	0.000000	0.000555	0.000000	0.000000	0.000000	0.000000	0.000000	0.000000	0.000000	0.000000	0.000000	0.000000	0.000000	0.000000	0.000000	0.000000
44	E	O	0.999639	0.000000	0.000000	0.000340	0.000000	0.000000	0.000000	0.000000	0.000000	0.000000	0.000000	0.000000	0.000000	0.000000	0.000000	0.000000	0.000000	0.000000
45	M	O	0.999773	0.000000	0.000000	0.000213	0.000000	0.000000	0.000000	0.000000	0.000000	0.000000	0.000000	0.000000	0.000000	0.000000	0.000000	0.000000	0.000000	0.000000
46	V	O	0.999850	0.000000	0.000000	0.000133	0.000000	0.000000	0.000000	0.000000	0.000000	0.000000	0.000000	0.000000	0.000000	0.000000	0.000000	0.000000	0.000000	0.000000
47	I	O	0.999901	0.000000	0.000000	0.000083	0.000000	0.000000	0.000000	0.000000	0.000000	0.000000	0.000000	0.000000	0.000000	0.000000	0.000000	0.000000	0.000000	0.000000
48	E	O	0.999935	0.000000	0.000000	0.000051	0.000000	0.000000	0.000001	0.000000	0.000000	0.000000	0.000000	0.000000	0.000000	0.000000	0.000000	0.000000	0.000000	0.000000
49	E	O	0.999957	0.000000	0.000000	0.000031	0.000000	0.000000	0.000001	0.000000	0.000000	0.000000	0.000000	0.000000	0.000000	0.000000	0.000000	0.000000	0.000000	0.000000
50	L	O	0.999974	0.000000	0.000000	0.000019	0.000000	0.000001	0.000001	0.000000	0.000000	0.000000	0.000000	0.000000	0.000000	0.000000	0.000000	0.000000	0.000000	0.000000
51	R	O	0.999983	0.000000	0.000000	0.000011	0.000000	0.000001	0.000001	0.000000	0.000000	0.000000	0.000000	0.000000	0.000000	0.000000	0.000000	0.000000	0.000000	0.000000
52	L	O	0.999982	0.000000	0.000000	0.000006	0.000000	0.000001	0.000001	0.000000	0.000000	0.000000	0.000000	0.000000	0.000000	0.000000	0.000000	0.000000	0.000000	0.000000
53	K	O	0.999993	0.000000	0.000000	0.000004	0.000000	0.000001	0.000001	0.000000	0.000000	0.000000	0.000000	0.000000	0.000000	0.000000	0.000000	0.000000	0.000000	0.000000
54	V	O	0.999991	0.000000	0.000000	0.000002	0.000000	0.000001	0.000002	0.000000	0.000000	0.000000	0.000000	0.000000	0.000000	0.000000	0.000000	0.000000	0.000000	0.000000
55	P	O	0.999991	0.000000	0.000000	0.000001	0.000000	0.000001	0.000002	0.000000	0.000000	0.000000	0.000000	0.000000	0.000000	0.000000	0.000000	0.000000	0.000000	0.000000
56	A	O	0.999994	0.000000	0.000000	0.000001	0.000000	0.000001	0.000002	0.000000	0.000000	0.000000	0.000001	0.000000	0.000000	0.000000	0.000000	0.000000	0.000000	0.000000
57	D	O	0.999994	0.000000	0.000000	0.000000	0.000000	0.000001	0.000003	0.000000	0.000000	0.000000	0.000001	0.000000	0.000000	0.000000	0.000000	0.000000	0.000000	0.000000
58	A	O	0.999997	0.000000	0.000000	0.000000	0.000000	0.000002	0.000004	0.000000	0.000000	0.000000	0.000001	0.000000	0.000000	0.000000	0.000000	0.000000	0.000000	0.000000
59	K	O	0.999995	0.000000	0.000000	0.000000	0.000000	0.000002	0.000005	0.000000	0.000000	0.000000	0.000001	0.000000	0.000000	0.000000	0.000000	0.000000	0.000000	0.000000
60	G	O	0.999985	0.000000	0.000000	0.000000	0.000000	0.000002	0.000005	0.000001	0.000000	0.000001	0.000002	0.000000	0.000000	0.000000	0.000000	0.000000	0.000000	0.000000
61	A	O	0.999984	0.000000	0.000000	0.000000	0.000000	0.000002	0.000006	0.000001	0.000000	0.000001	0.000002	0.000000	0.000000	0.000000	0.000000	0.000000	0.000000	0.000000
62	W	O	0.999975	0.000000	0.000000	0.000000	0.000001	0.000003	0.000008	0.000001	0.000000	0.000002	0.000004	0.000000	0.000000	0.000000	0.000000	0.000001	0.000000	0.000000
63	L	O	0.999962	0.000000	0.000000	0.000000	0.000001	0.000004	0.000010	0.000002	0.000000	0.000002	0.000006	0.000000	0.000000	0.000000	0.000001	0.000001	0.000000	0.000001
64	N	O	0.999954	0.000000	0.000000	0.000000	0.000001	0.000005	0.000014	0.000003	0.000000	0.000004	0.000009	0.000000	0.000000	0.000000	0.000001	0.000001	0.000001	0.000001
65	A	O	0.999934	0.000000	0.000000	0.000000	0.000001	0.000006	0.000018	0.000004	0.000000	0.000006	0.000015	0.000000	0.000000	0.000001	0.000002	0.000002	0.000002	0.000002
66	E	O	0.999916	0.000000	0.000000	0.000000	0.000001	0.000008	0.000025	0.000005	0.000000	0.000009	0.000023	0.000000	0.000000	0.000001	0.000004	0.000003	0.000003	0.000003
67	K	O	0.999878	0.000000	0.000000	0.000000	0.000000	0.000009	0.000033	0.000005	0.000000	0.000013	0.000040	0.000000	0.000000	0.000002	0.000006	0.000003	0.000004	0.000006
68	E	O	0.999848	0.000000	0.000000	0.000000	0.000000	0.000007	0.000041	0.000000	0.000000	0.000017	0.000058	0.000000	0.000000	0.000003	0.000009	0.000000	0.000008	0.000008
69	I	O	0.999777	0.000000	0.000000	0.000000	0.000000	0.000000	0.000057	0.000000	0.000000	0.000000	0.000112	0.000000	0.000000	0.000000	0.000035	0.000000	0.000000	0.000024
70	W	O	1.000000	0.000000	0.000000	0.000000	0.000000	0.000000	0.000000	0.000000	0.000000	0.000000	0.000000	0.000000	0.000000	0.000000	0.000000	0.000000	0.000000	0.000000
