# Name=WP_011819205.1 low molecular weight protein-tyrosine-phosphatase [Prochlorococcus marinus]
# pos	aa	label	Other	Sec/SPI n	Sec/SPI h	Sec/SPI c	Sec/SPII n	Sec/SPII h	Sec/SPII cys	Tat/SPI n	Tat/SPI RR	Tat/SPI h	Tat/SPI c	Tat/SPII n	Tat/SPII RR	Tat/SPII h	Tat/SPII cys	Sec/SPIII P	Sec/SPIII cons.	Sec/SPIII h
1	M	N	0.115155	0.883568	0.000000	0.000000	0.001228	0.000000	0.000000	0.000003	0.000000	0.000000	0.000000	0.000000	0.000000	0.000000	0.000000	0.000000	0.000000	0.000000
2	N	N	0.115156	0.874434	0.009137	0.000000	0.001194	0.000033	0.000000	0.000003	0.000001	0.000000	0.000000	0.000000	0.000000	0.000000	0.000000	0.000000	0.000000	0.000000
3	K	N	0.115157	0.768220	0.115355	0.000002	0.001006	0.000222	0.000000	0.000002	0.000001	0.000001	0.000000	0.000000	0.000000	0.000000	0.000000	0.000000	0.000000	0.000000
4	I	H	0.115158	0.225430	0.658137	0.000006	0.000358	0.000869	0.000001	0.000002	0.000001	0.000001	0.000000	0.000000	0.000000	0.000000	0.000000	0.000000	0.000000	0.000000
5	S	H	0.115159	0.116798	0.766686	0.000084	0.000192	0.001035	0.000001	0.000002	0.000000	0.000002	0.000000	0.000000	0.000000	0.000000	0.000000	0.000000	0.000000	0.000000
6	V	H	0.115175	0.045879	0.837497	0.000176	0.000088	0.001132	0.000006	0.000001	0.000000	0.000002	0.000000	0.000000	0.000000	0.000000	0.000000	0.000000	0.000000	0.000000
7	L	H	0.115199	0.017022	0.866121	0.000397	0.000038	0.001172	0.000010	0.000001	0.000000	0.000003	0.000000	0.000000	0.000000	0.000000	0.000000	0.000000	0.000000	0.000000
8	F	H	0.115230	0.007394	0.875015	0.001107	0.000018	0.001177	0.000015	0.000001	0.000000	0.000003	0.000000	0.000000	0.000000	0.000000	0.000000	0.000000	0.000000	0.000000
9	V	H	0.115270	0.003554	0.876632	0.003304	0.000009	0.001164	0.000022	0.000000	0.000000	0.000003	0.000000	0.000000	0.000000	0.000000	0.000000	0.000000	0.000000	0.000000
10	C	H	0.115328	0.001796	0.872335	0.009323	0.000005	0.001136	0.000033	0.000000	0.000000	0.000003	0.000000	0.000000	0.000000	0.000000	0.000000	0.000000	0.000000	0.000000
11	L	H	0.115410	0.000910	0.857992	0.024503	0.000002	0.001100	0.000038	0.000000	0.000000	0.000003	0.000000	0.000000	0.000000	0.000000	0.000000	0.000000	0.000000	0.000000
12	G	H	0.115496	0.000561	0.803173	0.079626	0.000001	0.001064	0.000037	0.000000	0.000000	0.000003	0.000000	0.000000	0.000000	0.000000	0.000000	0.000000	0.000000	0.000000
13	N	H	0.115622	0.000357	0.698699	0.184214	0.000001	0.000978	0.000086	0.000000	0.000000	0.000003	0.000001	0.000000	0.000000	0.000000	0.000000	0.000000	0.000000	0.000000
14	I	H	0.115887	0.000131	0.601118	0.281846	0.000000	0.000818	0.000160	0.000000	0.000000	0.000002	0.000001	0.000000	0.000000	0.000000	0.000000	0.000000	0.000000	0.000000
15	C	H	0.116214	0.000045	0.408590	0.474291	0.000000	0.000600	0.000218	0.000000	0.000000	0.000002	0.000001	0.000000	0.000000	0.000000	0.000000	0.000000	0.000000	0.000000
16	R	C	0.116658	0.000029	0.110403	0.772269	0.000000	0.000398	0.000202	0.000000	0.000000	0.000001	0.000003	0.000000	0.000000	0.000000	0.000000	0.000000	0.000000	0.000000
17	S	C	0.118475	0.000012	0.037571	0.843505	0.000000	0.000247	0.000152	0.000000	0.000000	0.000000	0.000003	0.000000	0.000000	0.000000	0.000000	0.000000	0.000000	0.000000
18	P	C	0.121485	0.000007	0.006217	0.872003	0.000000	0.000108	0.000138	0.000000	0.000000	0.000000	0.000003	0.000000	0.000000	0.000000	0.000000	0.000000	0.000000	0.000000
19	A	C	0.131402	0.000005	0.001097	0.867351	0.000000	0.000045	0.000063	0.000000	0.000000	0.000000	0.000003	0.000000	0.000000	0.000000	0.000000	0.000000	0.000000	0.000000
20	A	C	0.182150	0.000003	0.000211	0.817554	0.000000	0.000019	0.000026	0.000000	0.000000	0.000000	0.000003	0.000000	0.000000	0.000000	0.000000	0.000000	0.000000	0.000000
21	E	C	0.360873	0.000002	0.000069	0.638999	0.000000	0.000005	0.000014	0.000000	0.000000	0.000000	0.000002	0.000000	0.000000	0.000000	0.000000	0.000000	0.000000	0.000000
22	A	C	0.621306	0.000002	0.000027	0.378623	0.000000	0.000001	0.000004	0.000000	0.000000	0.000000	0.000001	0.000000	0.000000	0.000000	0.000000	0.000000	0.000000	0.000000
23	I	O	0.945741	0.000001	0.000023	0.054199	0.000000	0.000001	0.000001	0.000000	0.000000	0.000000	0.000000	0.000000	0.000000	0.000000	0.000000	0.000000	0.000000	0.000000
24	F	O	0.973673	0.000001	0.000016	0.026269	0.000000	0.000000	0.000000	0.000000	0.000000	0.000000	0.000000	0.000000	0.000000	0.000000	0.000000	0.000000	0.000000	0.000000
25	I	O	0.987046	0.000000	0.000012	0.012906	0.000000	0.000000	0.000000	0.000000	0.000000	0.000000	0.000000	0.000000	0.000000	0.000000	0.000000	0.000000	0.000000	0.000000
26	S	O	0.992540	0.000000	0.000008	0.007410	0.000000	0.000000	0.000000	0.000000	0.000000	0.000000	0.000000	0.000000	0.000000	0.000000	0.000000	0.000000	0.000000	0.000000
27	L	O	0.995578	0.000000	0.000005	0.004374	0.000000	0.000000	0.000000	0.000000	0.000000	0.000000	0.000000	0.000000	0.000000	0.000000	0.000000	0.000000	0.000000	0.000000
28	L	O	0.997206	0.000000	0.000003	0.002750	0.000000	0.000000	0.000000	0.000000	0.000000	0.000000	0.000000	0.000000	0.000000	0.000000	0.000000	0.000000	0.000000	0.000000
29	E	O	0.998100	0.000000	0.000002	0.001858	0.000000	0.000000	0.000000	0.000000	0.000000	0.000000	0.000000	0.000000	0.000000	0.000000	0.000000	0.000000	0.000000	0.000000
30	N	O	0.998736	0.000000	0.000001	0.001222	0.000000	0.000000	0.000000	0.000000	0.000000	0.000000	0.000000	0.000000	0.000000	0.000000	0.000000	0.000000	0.000000	0.000000
31	K	O	0.999174	0.000000	0.000000	0.000782	0.000000	0.000000	0.000000	0.000000	0.000000	0.000000	0.000000	0.000000	0.000000	0.000000	0.000000	0.000000	0.000000	0.000000
32	G	O	0.999483	0.000000	0.000000	0.000473	0.000000	0.000000	0.000000	0.000000	0.000000	0.000000	0.000000	0.000000	0.000000	0.000000	0.000000	0.000000	0.000000	0.000000
33	L	O	0.999680	0.000000	0.000000	0.000271	0.000000	0.000000	0.000000	0.000000	0.000000	0.000000	0.000000	0.000000	0.000000	0.000000	0.000000	0.000000	0.000000	0.000000
34	T	O	0.999792	0.000000	0.000000	0.000164	0.000000	0.000000	0.000000	0.000000	0.000000	0.000000	0.000000	0.000000	0.000000	0.000000	0.000000	0.000000	0.000000	0.000000
35	D	O	0.999851	0.000000	0.000000	0.000100	0.000000	0.000000	0.000000	0.000000	0.000000	0.000000	0.000000	0.000000	0.000000	0.000000	0.000000	0.000000	0.000000	0.000000
36	G	O	0.999899	0.000000	0.000000	0.000056	0.000000	0.000000	0.000000	0.000000	0.000000	0.000000	0.000000	0.000000	0.000000	0.000000	0.000000	0.000000	0.000000	0.000000
37	F	O	0.999930	0.000000	0.000000	0.000029	0.000000	0.000000	0.000000	0.000000	0.000000	0.000000	0.000000	0.000000	0.000000	0.000000	0.000000	0.000000	0.000000	0.000000
38	I	O	0.999942	0.000000	0.000000	0.000016	0.000000	0.000000	0.000000	0.000000	0.000000	0.000000	0.000000	0.000000	0.000000	0.000000	0.000000	0.000000	0.000000	0.000000
39	V	O	0.999955	0.000000	0.000000	0.000010	0.000000	0.000000	0.000000	0.000000	0.000000	0.000000	0.000000	0.000000	0.000000	0.000000	0.000000	0.000000	0.000000	0.000000
40	D	O	0.999959	0.000000	0.000000	0.000007	0.000000	0.000001	0.000000	0.000000	0.000000	0.000000	0.000000	0.000000	0.000000	0.000000	0.000000	0.000000	0.000000	0.000000
41	S	O	0.999959	0.000000	0.000000	0.000005	0.000000	0.000001	0.000001	0.000000	0.000000	0.000000	0.000000	0.000000	0.000000	0.000000	0.000000	0.000000	0.000000	0.000000
42	A	O	0.999961	0.000000	0.000000	0.000003	0.000001	0.000001	0.000001	0.000000	0.000000	0.000000	0.000000	0.000000	0.000000	0.000000	0.000000	0.000000	0.000000	0.000000
43	G	O	0.999963	0.000000	0.000000	0.000002	0.000001	0.000001	0.000001	0.000000	0.000000	0.000000	0.000000	0.000000	0.000000	0.000000	0.000000	0.000000	0.000000	0.000000
44	T	O	0.999965	0.000000	0.000000	0.000002	0.000001	0.000002	0.000001	0.000000	0.000000	0.000000	0.000000	0.000000	0.000000	0.000000	0.000000	0.000000	0.000000	0.000000
45	G	O	0.999963	0.000000	0.000000	0.000001	0.000001	0.000002	0.000001	0.000000	0.000000	0.000000	0.000000	0.000000	0.000000	0.000000	0.000000	0.000000	0.000000	0.000000
46	S	O	0.999971	0.000000	0.000000	0.000001	0.000001	0.000002	0.000002	0.000000	0.000000	0.000000	0.000000	0.000000	0.000000	0.000000	0.000000	0.000000	0.000000	0.000000
47	W	O	0.999971	0.000000	0.000000	0.000001	0.000001	0.000002	0.000002	0.000000	0.000000	0.000000	0.000000	0.000000	0.000000	0.000000	0.000000	0.000000	0.000000	0.000000
48	H	O	0.999971	0.000000	0.000000	0.000000	0.000001	0.000003	0.000002	0.000000	0.000000	0.000000	0.000001	0.000000	0.000000	0.000000	0.000000	0.000000	0.000000	0.000000
49	I	O	0.999970	0.000000	0.000000	0.000000	0.000001	0.000003	0.000003	0.000001	0.000000	0.000001	0.000001	0.000000	0.000000	0.000000	0.000000	0.000000	0.000000	0.000000
50	G	O	0.999970	0.000000	0.000000	0.000000	0.000002	0.000004	0.000003	0.000001	0.000000	0.000001	0.000001	0.000000	0.000000	0.000000	0.000000	0.000001	0.000000	0.000000
51	K	O	0.999965	0.000000	0.000000	0.000000	0.000002	0.000005	0.000004	0.000001	0.000000	0.000001	0.000001	0.000000	0.000000	0.000000	0.000000	0.000001	0.000000	0.000000
52	K	O	0.999962	0.000000	0.000000	0.000000	0.000003	0.000006	0.000005	0.000001	0.000000	0.000001	0.000002	0.000000	0.000000	0.000000	0.000000	0.000001	0.000000	0.000000
53	A	O	0.999953	0.000000	0.000000	0.000000	0.000003	0.000007	0.000006	0.000002	0.000000	0.000002	0.000002	0.000000	0.000000	0.000000	0.000000	0.000001	0.000001	0.000001
54	D	O	0.999946	0.000000	0.000000	0.000000	0.000003	0.000008	0.000007	0.000003	0.000000	0.000002	0.000003	0.000000	0.000000	0.000000	0.000000	0.000002	0.000001	0.000001
55	S	O	0.999945	0.000000	0.000000	0.000000	0.000004	0.000009	0.000008	0.000004	0.000000	0.000003	0.000004	0.000000	0.000000	0.000000	0.000000	0.000002	0.000001	0.000001
56	R	O	0.999938	0.000000	0.000000	0.000000	0.000005	0.000011	0.000010	0.000005	0.000001	0.000004	0.000006	0.000000	0.000000	0.000000	0.000000	0.000003	0.000001	0.000001
57	M	O	0.999926	0.000000	0.000000	0.000000	0.000006	0.000013	0.000012	0.000006	0.000001	0.000005	0.000009	0.000000	0.000000	0.000000	0.000001	0.000004	0.000002	0.000002
58	R	O	0.999912	0.000000	0.000000	0.000000	0.000006	0.000015	0.000014	0.000008	0.000001	0.000007	0.000013	0.000000	0.000000	0.000000	0.000001	0.000005	0.000002	0.000002
59	I	O	0.999893	0.000000	0.000000	0.000000	0.000007	0.000017	0.000017	0.000010	0.000001	0.000009	0.000017	0.000000	0.000000	0.000001	0.000001	0.000006	0.000003	0.000003
60	A	O	0.999872	0.000000	0.000000	0.000000	0.000008	0.000020	0.000019	0.000013	0.000001	0.000011	0.000023	0.000000	0.000000	0.000001	0.000002	0.000007	0.000003	0.000004
61	A	O	0.999848	0.000000	0.000000	0.000000	0.000008	0.000023	0.000024	0.000017	0.000002	0.000015	0.000028	0.000000	0.000000	0.000001	0.000002	0.000009	0.000004	0.000005
62	E	O	0.999813	0.000000	0.000000	0.000000	0.000008	0.000026	0.000028	0.000021	0.000003	0.000021	0.000038	0.000000	0.000000	0.000001	0.000003	0.000012	0.000005	0.000007
63	R	O	0.999765	0.000000	0.000000	0.000000	0.000009	0.000028	0.000037	0.000028	0.000004	0.000027	0.000055	0.000001	0.000000	0.000002	0.000005	0.000016	0.000007	0.000009
64	R	O	0.999693	0.000000	0.000000	0.000000	0.000010	0.000031	0.000045	0.000038	0.000005	0.000038	0.000077	0.000001	0.000000	0.000003	0.000007	0.000021	0.000011	0.000012
65	D	O	0.999607	0.000000	0.000000	0.000000	0.000008	0.000039	0.000047	0.000049	0.000004	0.000061	0.000107	0.000001	0.000000	0.000005	0.000011	0.000025	0.000016	0.000017
66	I	O	0.999468	0.000000	0.000000	0.000000	0.000004	0.000047	0.000063	0.000048	0.000003	0.000094	0.000168	0.000001	0.000000	0.000009	0.000018	0.000028	0.000023	0.000025
67	H	O	0.999289	0.000000	0.000000	0.000000	0.000000	0.000048	0.000091	0.000036	0.000000	0.000109	0.000279	0.000000	0.000000	0.000013	0.000030	0.000028	0.000031	0.000038
68	I	O	0.999228	0.000000	0.000000	0.000000	0.000000	0.000034	0.000109	0.000000	0.000000	0.000112	0.000353	0.000000	0.000000	0.000019	0.000041	0.000000	0.000055	0.000047
69	L	O	0.999110	0.000000	0.000000	0.000000	0.000000	0.000000	0.000146	0.000000	0.000000	0.000000	0.000494	0.000000	0.000000	0.000000	0.000124	0.000000	0.000000	0.000122
70	S	O	0.999999	0.000000	0.000000	0.000000	0.000000	0.000000	0.000000	0.000000	0.000000	0.000000	0.000000	0.000000	0.000000	0.000000	0.000000	0.000000	0.000000	0.000000
