# Name=WP_011818702.1 hypothetical protein [Prochlorococcus marinus]
# pos	aa	label	Other	Sec/SPI n	Sec/SPI h	Sec/SPI c	Sec/SPII n	Sec/SPII h	Sec/SPII cys	Tat/SPI n	Tat/SPI RR	Tat/SPI h	Tat/SPI c	Tat/SPII n	Tat/SPII RR	Tat/SPII h	Tat/SPII cys	Sec/SPIII P	Sec/SPIII cons.	Sec/SPIII h
1	M	O	0.954401	0.043363	0.000000	0.000000	0.000189	0.000000	0.000000	0.000000	0.000000	0.000000	0.000000	0.000000	0.000000	0.000000	0.000000	0.002067	0.000000	0.000000
2	R	O	0.954399	0.039627	0.003736	0.000000	0.000174	0.000016	0.000000	0.000000	0.000000	0.000000	0.000000	0.000000	0.000000	0.000000	0.000000	0.001884	0.000182	0.000000
3	S	O	0.954404	0.034711	0.008488	0.000164	0.000151	0.000038	0.000000	0.000000	0.000000	0.000000	0.000000	0.000000	0.000000	0.000000	0.000000	0.001715	0.000227	0.000124
4	N	O	0.954517	0.031518	0.011324	0.000502	0.000133	0.000056	0.000000	0.000000	0.000000	0.000000	0.000000	0.000000	0.000000	0.000000	0.000000	0.001552	0.000239	0.000178
5	F	O	0.954733	0.028544	0.013929	0.000798	0.000115	0.000072	0.000001	0.000000	0.000000	0.000000	0.000000	0.000000	0.000000	0.000000	0.000000	0.001371	0.000261	0.000197
6	R	O	0.955044	0.026127	0.015983	0.001008	0.000100	0.000086	0.000002	0.000000	0.000000	0.000000	0.000000	0.000000	0.000000	0.000000	0.000000	0.001205	0.000248	0.000220
7	Q	O	0.955473	0.023545	0.018278	0.001050	0.000083	0.000100	0.000003	0.000000	0.000000	0.000000	0.000000	0.000000	0.000000	0.000000	0.000000	0.001030	0.000256	0.000211
8	N	O	0.955998	0.020042	0.021605	0.000886	0.000061	0.000119	0.000003	0.000000	0.000000	0.000000	0.000000	0.000000	0.000000	0.000000	0.000000	0.000747	0.000402	0.000172
9	I	O	0.956538	0.013585	0.027991	0.000545	0.000035	0.000140	0.000006	0.000000	0.000000	0.000000	0.000000	0.000000	0.000000	0.000000	0.000000	0.000281	0.000689	0.000227
10	R	O	0.956940	0.009360	0.032123	0.000388	0.000022	0.000144	0.000008	0.000000	0.000000	0.000000	0.000000	0.000000	0.000000	0.000000	0.000000	0.000087	0.000528	0.000434
11	L	O	0.957398	0.003206	0.038236	0.000210	0.000008	0.000147	0.000012	0.000000	0.000000	0.000000	0.000000	0.000000	0.000000	0.000000	0.000000	0.000019	0.000287	0.000514
12	A	O	0.957776	0.000859	0.040533	0.000138	0.000003	0.000142	0.000010	0.000000	0.000000	0.000000	0.000000	0.000000	0.000000	0.000000	0.000000	0.000004	0.000124	0.000449
13	T	O	0.958064	0.000236	0.041096	0.000117	0.000001	0.000130	0.000013	0.000000	0.000000	0.000000	0.000000	0.000000	0.000000	0.000000	0.000000	0.000001	0.000046	0.000332
14	N	O	0.958275	0.000061	0.041203	0.000115	0.000000	0.000117	0.000014	0.000000	0.000000	0.000000	0.000000	0.000000	0.000000	0.000000	0.000000	0.000000	0.000014	0.000235
15	I	O	0.958430	0.000011	0.041200	0.000094	0.000000	0.000103	0.000014	0.000000	0.000000	0.000000	0.000000	0.000000	0.000000	0.000000	0.000000	0.000000	0.000004	0.000177
16	L	O	0.958548	0.000002	0.041141	0.000100	0.000000	0.000090	0.000013	0.000000	0.000000	0.000000	0.000000	0.000000	0.000000	0.000000	0.000000	0.000000	0.000001	0.000137
17	L	O	0.958651	0.000000	0.041044	0.000136	0.000000	0.000079	0.000012	0.000000	0.000000	0.000000	0.000000	0.000000	0.000000	0.000000	0.000000	0.000000	0.000000	0.000110
18	V	O	0.958755	0.000000	0.040883	0.000219	0.000000	0.000068	0.000011	0.000000	0.000000	0.000000	0.000000	0.000000	0.000000	0.000000	0.000000	0.000000	0.000000	0.000092
19	I	O	0.958900	0.000000	0.040624	0.000360	0.000000	0.000057	0.000011	0.000000	0.000000	0.000000	0.000000	0.000000	0.000000	0.000000	0.000000	0.000000	0.000000	0.000076
20	G	O	0.959108	0.000000	0.040202	0.000600	0.000000	0.000049	0.000008	0.000000	0.000000	0.000000	0.000000	0.000000	0.000000	0.000000	0.000000	0.000000	0.000000	0.000060
21	T	O	0.959391	0.000000	0.039503	0.001038	0.000000	0.000041	0.000008	0.000000	0.000000	0.000000	0.000000	0.000000	0.000000	0.000000	0.000000	0.000000	0.000000	0.000048
22	F	O	0.959777	0.000000	0.038272	0.001897	0.000000	0.000035	0.000007	0.000000	0.000000	0.000000	0.000000	0.000000	0.000000	0.000000	0.000000	0.000000	0.000000	0.000038
23	A	O	0.960284	0.000000	0.036013	0.003668	0.000000	0.000029	0.000006	0.000000	0.000000	0.000000	0.000000	0.000000	0.000000	0.000000	0.000000	0.000000	0.000000	0.000029
24	I	O	0.961095	0.000000	0.033025	0.005853	0.000000	0.000023	0.000006	0.000000	0.000000	0.000000	0.000000	0.000000	0.000000	0.000000	0.000000	0.000000	0.000000	0.000022
25	A	O	0.962061	0.000000	0.028936	0.008984	0.000000	0.000017	0.000006	0.000000	0.000000	0.000000	0.000000	0.000000	0.000000	0.000000	0.000000	0.000000	0.000000	0.000017
26	L	O	0.963757	0.000000	0.024376	0.011854	0.000000	0.000012	0.000005	0.000000	0.000000	0.000000	0.000000	0.000000	0.000000	0.000000	0.000000	0.000000	0.000000	0.000013
27	K	O	0.965408	0.000000	0.019661	0.014925	0.000000	0.000008	0.000004	0.000000	0.000000	0.000000	0.000000	0.000000	0.000000	0.000000	0.000000	0.000000	0.000000	0.000011
28	I	O	0.967368	0.000000	0.014801	0.017830	0.000000	0.000004	0.000004	0.000000	0.000000	0.000000	0.000000	0.000000	0.000000	0.000000	0.000000	0.000000	0.000000	0.000009
29	A	O	0.970210	0.000000	0.009106	0.020693	0.000000	0.000002	0.000002	0.000000	0.000000	0.000000	0.000000	0.000000	0.000000	0.000000	0.000000	0.000000	0.000000	0.000006
30	P	O	0.974830	0.000000	0.004858	0.020326	0.000000	0.000001	0.000001	0.000000	0.000000	0.000000	0.000000	0.000000	0.000000	0.000000	0.000000	0.000000	0.000000	0.000003
31	I	O	0.981408	0.000000	0.003023	0.015583	0.000000	0.000000	0.000001	0.000000	0.000000	0.000000	0.000000	0.000000	0.000000	0.000000	0.000000	0.000000	0.000000	0.000002
32	A	O	0.986921	0.000000	0.001679	0.011410	0.000000	0.000000	0.000000	0.000000	0.000000	0.000000	0.000000	0.000000	0.000000	0.000000	0.000000	0.000000	0.000000	0.000001
33	E	O	0.991949	0.000000	0.000924	0.007136	0.000000	0.000000	0.000000	0.000000	0.000000	0.000000	0.000000	0.000000	0.000000	0.000000	0.000000	0.000000	0.000000	0.000000
34	V	O	0.994962	0.000000	0.000522	0.004526	0.000000	0.000000	0.000000	0.000000	0.000000	0.000000	0.000000	0.000000	0.000000	0.000000	0.000000	0.000000	0.000000	0.000000
35	Y	O	0.997014	0.000000	0.000283	0.002715	0.000000	0.000000	0.000000	0.000000	0.000000	0.000000	0.000000	0.000000	0.000000	0.000000	0.000000	0.000000	0.000000	0.000000
36	Q	O	0.998285	0.000000	0.000157	0.001572	0.000000	0.000000	0.000000	0.000000	0.000000	0.000000	0.000000	0.000000	0.000000	0.000000	0.000000	0.000000	0.000000	0.000000
37	E	O	0.999050	0.000000	0.000096	0.000869	0.000000	0.000000	0.000000	0.000000	0.000000	0.000000	0.000000	0.000000	0.000000	0.000000	0.000000	0.000000	0.000000	0.000000
38	K	O	0.999426	0.000000	0.000057	0.000531	0.000000	0.000000	0.000000	0.000000	0.000000	0.000000	0.000000	0.000000	0.000000	0.000000	0.000000	0.000000	0.000000	0.000000
39	N	O	0.999658	0.000000	0.000037	0.000320	0.000000	0.000000	0.000000	0.000000	0.000000	0.000000	0.000000	0.000000	0.000000	0.000000	0.000000	0.000000	0.000000	0.000000
40	L	O	0.999790	0.000000	0.000024	0.000204	0.000000	0.000000	0.000000	0.000000	0.000000	0.000000	0.000000	0.000000	0.000000	0.000000	0.000000	0.000001	0.000000	0.000000
41	C	O	0.999862	0.000000	0.000016	0.000138	0.000000	0.000000	0.000000	0.000000	0.000000	0.000000	0.000000	0.000000	0.000000	0.000000	0.000000	0.000001	0.000000	0.000001
42	I	O	0.999921	0.000000	0.000011	0.000087	0.000000	0.000000	0.000000	0.000000	0.000000	0.000000	0.000000	0.000000	0.000000	0.000000	0.000000	0.000001	0.000001	0.000001
43	N	O	0.999949	0.000000	0.000007	0.000060	0.000000	0.000000	0.000000	0.000000	0.000000	0.000000	0.000000	0.000000	0.000000	0.000000	0.000000	0.000001	0.000001	0.000001
44	Y	O	0.999973	0.000000	0.000005	0.000041	0.000000	0.000000	0.000000	0.000000	0.000000	0.000000	0.000000	0.000000	0.000000	0.000000	0.000000	0.000001	0.000001	0.000001
45	L	O	0.999985	0.000000	0.000003	0.000029	0.000000	0.000000	0.000000	0.000000	0.000000	0.000000	0.000000	0.000000	0.000000	0.000000	0.000000	0.000002	0.000001	0.000001
46	K	O	0.999991	0.000000	0.000002	0.000021	0.000000	0.000000	0.000000	0.000000	0.000000	0.000000	0.000000	0.000000	0.000000	0.000000	0.000000	0.000002	0.000001	0.000001
47	H	O	0.999999	0.000000	0.000001	0.000016	0.000000	0.000001	0.000000	0.000000	0.000000	0.000000	0.000000	0.000000	0.000000	0.000000	0.000000	0.000003	0.000001	0.000001
48	Q	O	1.000000	0.000000	0.000001	0.000012	0.000001	0.000001	0.000001	0.000000	0.000000	0.000000	0.000000	0.000000	0.000000	0.000000	0.000000	0.000003	0.000001	0.000002
49	I	O	1.000000	0.000000	0.000001	0.000009	0.000001	0.000001	0.000001	0.000001	0.000000	0.000000	0.000001	0.000000	0.000000	0.000000	0.000000	0.000004	0.000002	0.000002
50	D	O	1.000000	0.000000	0.000000	0.000007	0.000001	0.000001	0.000001	0.000001	0.000000	0.000001	0.000001	0.000000	0.000000	0.000000	0.000000	0.000005	0.000002	0.000002
51	R	O	0.999998	0.000000	0.000000	0.000005	0.000001	0.000001	0.000001	0.000001	0.000000	0.000001	0.000001	0.000000	0.000000	0.000000	0.000000	0.000006	0.000002	0.000003
52	D	O	0.999992	0.000000	0.000000	0.000004	0.000001	0.000002	0.000001	0.000001	0.000000	0.000001	0.000001	0.000000	0.000000	0.000000	0.000000	0.000007	0.000003	0.000003
53	K	O	0.999990	0.000000	0.000000	0.000003	0.000002	0.000002	0.000001	0.000002	0.000000	0.000001	0.000002	0.000000	0.000000	0.000000	0.000000	0.000009	0.000003	0.000004
54	L	O	0.999988	0.000000	0.000000	0.000002	0.000002	0.000002	0.000001	0.000003	0.000000	0.000002	0.000003	0.000000	0.000000	0.000000	0.000000	0.000011	0.000004	0.000005
55	I	O	0.999978	0.000000	0.000000	0.000001	0.000002	0.000003	0.000002	0.000004	0.000000	0.000003	0.000004	0.000000	0.000000	0.000000	0.000001	0.000013	0.000005	0.000006
56	K	O	0.999970	0.000000	0.000000	0.000001	0.000003	0.000003	0.000002	0.000005	0.000001	0.000003	0.000005	0.000000	0.000000	0.000000	0.000001	0.000017	0.000006	0.000007
57	R	O	0.999956	0.000000	0.000000	0.000001	0.000003	0.000004	0.000003	0.000006	0.000001	0.000005	0.000007	0.000000	0.000000	0.000001	0.000001	0.000022	0.000007	0.000009
58	L	O	0.999938	0.000000	0.000000	0.000001	0.000004	0.000005	0.000003	0.000009	0.000001	0.000007	0.000009	0.000000	0.000000	0.000001	0.000001	0.000027	0.000009	0.000011
59	K	O	0.999908	0.000000	0.000000	0.000000	0.000005	0.000006	0.000004	0.000012	0.000002	0.000009	0.000013	0.000000	0.000000	0.000001	0.000002	0.000035	0.000011	0.000013
60	I	O	0.999875	0.000000	0.000000	0.000000	0.000006	0.000008	0.000005	0.000017	0.000002	0.000014	0.000018	0.000001	0.000000	0.000002	0.000002	0.000043	0.000016	0.000016
61	V	O	0.999834	0.000000	0.000000	0.000000	0.000007	0.000010	0.000005	0.000021	0.000002	0.000019	0.000025	0.000001	0.000000	0.000002	0.000003	0.000052	0.000020	0.000022
62	K	O	0.999777	0.000000	0.000000	0.000000	0.000008	0.000012	0.000007	0.000027	0.000003	0.000023	0.000037	0.000001	0.000000	0.000003	0.000005	0.000066	0.000023	0.000027
63	Q	O	0.999706	0.000000	0.000000	0.000000	0.000008	0.000015	0.000009	0.000036	0.000004	0.000032	0.000048	0.000001	0.000000	0.000005	0.000007	0.000080	0.000032	0.000034
64	A	O	0.999614	0.000000	0.000000	0.000000	0.000008	0.000020	0.000011	0.000047	0.000004	0.000047	0.000066	0.000001	0.000000	0.000007	0.000011	0.000092	0.000044	0.000045
65	N	O	0.999495	0.000000	0.000000	0.000000	0.000008	0.000026	0.000015	0.000052	0.000004	0.000068	0.000098	0.000001	0.000000	0.000010	0.000016	0.000101	0.000060	0.000062
66	P	O	0.999381	0.000000	0.000000	0.000000	0.000005	0.000031	0.000020	0.000050	0.000002	0.000086	0.000144	0.000001	0.000000	0.000014	0.000024	0.000092	0.000086	0.000084
67	S	O	0.999276	0.000000	0.000000	0.000000	0.000000	0.000035	0.000027	0.000031	0.000000	0.000104	0.000200	0.000000	0.000000	0.000018	0.000037	0.000054	0.000108	0.000122
68	S	O	0.999260	0.000000	0.000000	0.000000	0.000000	0.000030	0.000037	0.000000	0.000000	0.000085	0.000267	0.000000	0.000000	0.000018	0.000053	0.000000	0.000098	0.000164
69	I	O	0.999352	0.000000	0.000000	0.000000	0.000000	0.000000	0.000076	0.000000	0.000000	0.000000	0.000300	0.000000	0.000000	0.000000	0.000096	0.000000	0.000000	0.000185
70	C	O	1.000000	0.000000	0.000000	0.000000	0.000000	0.000000	0.000000	0.000000	0.000000	0.000000	0.000000	0.000000	0.000000	0.000000	0.000000	0.000000	0.000000	0.000000
