# Name=WP_011817483.1 tetratricopeptide repeat protein [Prochlorococcus marinus]
# pos	aa	label	Other	Sec/SPI n	Sec/SPI h	Sec/SPI c	Sec/SPII n	Sec/SPII h	Sec/SPII cys	Tat/SPI n	Tat/SPI RR	Tat/SPI h	Tat/SPI c	Tat/SPII n	Tat/SPII RR	Tat/SPII h	Tat/SPII cys	Sec/SPIII P	Sec/SPIII cons.	Sec/SPIII h
1	M	N	0.135605	0.864187	0.000000	0.000000	0.000153	0.000000	0.000000	0.000000	0.000000	0.000000	0.000000	0.000000	0.000000	0.000000	0.000000	0.000001	0.000000	0.000000
2	K	N	0.135605	0.849687	0.014499	0.000000	0.000147	0.000006	0.000000	0.000000	0.000000	0.000000	0.000000	0.000000	0.000000	0.000000	0.000000	0.000001	0.000000	0.000000
3	K	N	0.135605	0.809769	0.054410	0.000008	0.000134	0.000020	0.000000	0.000000	0.000000	0.000000	0.000000	0.000000	0.000000	0.000000	0.000000	0.000001	0.000000	0.000000
4	F	N	0.135609	0.702215	0.161958	0.000019	0.000103	0.000051	0.000000	0.000000	0.000000	0.000000	0.000000	0.000000	0.000000	0.000000	0.000000	0.000001	0.000000	0.000000
5	L	N	0.135615	0.648883	0.215248	0.000056	0.000089	0.000064	0.000000	0.000000	0.000000	0.000000	0.000000	0.000000	0.000000	0.000000	0.000000	0.000001	0.000000	0.000000
6	K	N	0.135634	0.607234	0.256849	0.000091	0.000081	0.000071	0.000001	0.000000	0.000000	0.000000	0.000000	0.000000	0.000000	0.000000	0.000000	0.000000	0.000000	0.000000
7	K	N	0.135674	0.499711	0.364346	0.000077	0.000063	0.000086	0.000003	0.000000	0.000000	0.000000	0.000000	0.000000	0.000000	0.000000	0.000000	0.000000	0.000000	0.000000
8	T	H	0.135722	0.125201	0.738846	0.000039	0.000019	0.000127	0.000002	0.000000	0.000000	0.000000	0.000000	0.000000	0.000000	0.000000	0.000000	0.000000	0.000000	0.000000
9	I	H	0.135746	0.027556	0.836475	0.000034	0.000006	0.000138	0.000002	0.000000	0.000000	0.000000	0.000000	0.000000	0.000000	0.000000	0.000000	0.000000	0.000000	0.000000
10	W	H	0.135766	0.006302	0.857704	0.000043	0.000002	0.000139	0.000003	0.000000	0.000000	0.000000	0.000000	0.000000	0.000000	0.000000	0.000000	0.000000	0.000000	0.000001
11	I	H	0.135792	0.001368	0.862607	0.000057	0.000001	0.000136	0.000005	0.000000	0.000000	0.000000	0.000000	0.000000	0.000000	0.000000	0.000000	0.000000	0.000000	0.000001
12	F	H	0.135824	0.000319	0.863601	0.000085	0.000000	0.000130	0.000006	0.000000	0.000000	0.000000	0.000000	0.000000	0.000000	0.000000	0.000000	0.000000	0.000000	0.000000
13	L	H	0.135866	0.000078	0.863752	0.000140	0.000000	0.000124	0.000006	0.000000	0.000000	0.000000	0.000000	0.000000	0.000000	0.000000	0.000000	0.000000	0.000000	0.000000
14	I	H	0.135923	0.000019	0.863647	0.000250	0.000000	0.000117	0.000007	0.000000	0.000000	0.000000	0.000000	0.000000	0.000000	0.000000	0.000000	0.000000	0.000000	0.000000
15	S	H	0.135993	0.000005	0.863304	0.000543	0.000000	0.000109	0.000008	0.000000	0.000000	0.000000	0.000000	0.000000	0.000000	0.000000	0.000000	0.000000	0.000000	0.000000
16	F	H	0.136092	0.000001	0.862580	0.001184	0.000000	0.000101	0.000008	0.000000	0.000000	0.000000	0.000000	0.000000	0.000000	0.000000	0.000000	0.000000	0.000000	0.000000
17	Y	H	0.136207	0.000000	0.860569	0.003086	0.000000	0.000092	0.000008	0.000000	0.000000	0.000000	0.000000	0.000000	0.000000	0.000000	0.000000	0.000000	0.000000	0.000000
18	F	H	0.136361	0.000000	0.855437	0.008073	0.000000	0.000084	0.000008	0.000000	0.000000	0.000000	0.000000	0.000000	0.000000	0.000000	0.000000	0.000000	0.000000	0.000000
19	F	H	0.136542	0.000000	0.840916	0.022425	0.000000	0.000075	0.000009	0.000000	0.000000	0.000000	0.000000	0.000000	0.000000	0.000000	0.000000	0.000000	0.000000	0.000000
20	Q	H	0.136782	0.000000	0.799773	0.063337	0.000000	0.000064	0.000010	0.000000	0.000000	0.000000	0.000000	0.000000	0.000000	0.000000	0.000000	0.000000	0.000000	0.000000
21	I	H	0.137245	0.000000	0.733186	0.129469	0.000000	0.000053	0.000012	0.000000	0.000000	0.000000	0.000000	0.000000	0.000000	0.000000	0.000000	0.000000	0.000000	0.000000
22	E	H	0.137713	0.000000	0.552670	0.309528	0.000000	0.000042	0.000011	0.000000	0.000000	0.000000	0.000000	0.000000	0.000000	0.000000	0.000000	0.000000	0.000000	0.000000
23	I	H	0.138475	0.000000	0.340971	0.520474	0.000000	0.000027	0.000015	0.000000	0.000000	0.000000	0.000000	0.000000	0.000000	0.000000	0.000000	0.000000	0.000000	0.000000
24	V	C	0.139626	0.000000	0.029544	0.830764	0.000000	0.000018	0.000009	0.000000	0.000000	0.000000	0.000000	0.000000	0.000000	0.000000	0.000000	0.000000	0.000000	0.000000
25	R	C	0.150025	0.000000	0.002476	0.847447	0.000000	0.000009	0.000009	0.000000	0.000000	0.000000	0.000000	0.000000	0.000000	0.000000	0.000000	0.000000	0.000000	0.000000
26	A	C	0.211178	0.000000	0.000198	0.788576	0.000000	0.000002	0.000007	0.000000	0.000000	0.000000	0.000000	0.000000	0.000000	0.000000	0.000000	0.000000	0.000000	0.000000
27	I	O	0.950265	0.000000	0.000176	0.049518	0.000000	0.000001	0.000002	0.000000	0.000000	0.000000	0.000000	0.000000	0.000000	0.000000	0.000000	0.000000	0.000000	0.000000
28	I	O	0.975157	0.000000	0.000122	0.024678	0.000000	0.000000	0.000000	0.000000	0.000000	0.000000	0.000000	0.000000	0.000000	0.000000	0.000000	0.000000	0.000000	0.000000
29	P	O	0.986317	0.000000	0.000076	0.013563	0.000000	0.000000	0.000000	0.000000	0.000000	0.000000	0.000000	0.000000	0.000000	0.000000	0.000000	0.000000	0.000000	0.000000
30	Y	O	0.992679	0.000000	0.000050	0.007232	0.000000	0.000000	0.000000	0.000000	0.000000	0.000000	0.000000	0.000000	0.000000	0.000000	0.000000	0.000000	0.000000	0.000000
31	Y	O	0.995840	0.000000	0.000032	0.004089	0.000000	0.000000	0.000000	0.000000	0.000000	0.000000	0.000000	0.000000	0.000000	0.000000	0.000000	0.000000	0.000000	0.000000
32	Y	O	0.997654	0.000000	0.000021	0.002284	0.000000	0.000000	0.000000	0.000000	0.000000	0.000000	0.000000	0.000000	0.000000	0.000000	0.000000	0.000000	0.000000	0.000000
33	F	O	0.998614	0.000000	0.000014	0.001339	0.000000	0.000000	0.000000	0.000000	0.000000	0.000000	0.000000	0.000000	0.000000	0.000000	0.000000	0.000000	0.000000	0.000000
34	P	O	0.999147	0.000000	0.000009	0.000808	0.000000	0.000000	0.000000	0.000000	0.000000	0.000000	0.000000	0.000000	0.000000	0.000000	0.000000	0.000000	0.000000	0.000000
35	T	O	0.999462	0.000000	0.000006	0.000498	0.000000	0.000000	0.000000	0.000000	0.000000	0.000000	0.000000	0.000000	0.000000	0.000000	0.000000	0.000000	0.000000	0.000000
36	I	O	0.999643	0.000000	0.000004	0.000320	0.000000	0.000000	0.000000	0.000000	0.000000	0.000000	0.000000	0.000000	0.000000	0.000000	0.000000	0.000000	0.000000	0.000000
37	K	O	0.999758	0.000000	0.000002	0.000214	0.000000	0.000000	0.000000	0.000000	0.000000	0.000000	0.000000	0.000000	0.000000	0.000000	0.000000	0.000000	0.000000	0.000000
38	N	O	0.999833	0.000000	0.000001	0.000144	0.000000	0.000000	0.000000	0.000000	0.000000	0.000000	0.000000	0.000000	0.000000	0.000000	0.000000	0.000000	0.000000	0.000000
39	L	O	0.999875	0.000000	0.000001	0.000099	0.000000	0.000000	0.000000	0.000000	0.000000	0.000000	0.000000	0.000000	0.000000	0.000000	0.000000	0.000000	0.000000	0.000000
40	Q	O	0.999910	0.000000	0.000001	0.000067	0.000000	0.000000	0.000000	0.000000	0.000000	0.000000	0.000000	0.000000	0.000000	0.000000	0.000000	0.000000	0.000000	0.000000
41	K	O	0.999936	0.000000	0.000000	0.000045	0.000000	0.000000	0.000000	0.000000	0.000000	0.000000	0.000000	0.000000	0.000000	0.000000	0.000000	0.000000	0.000000	0.000000
42	Q	O	0.999952	0.000000	0.000000	0.000030	0.000000	0.000000	0.000000	0.000000	0.000000	0.000000	0.000000	0.000000	0.000000	0.000000	0.000000	0.000000	0.000000	0.000000
43	S	O	0.999966	0.000000	0.000000	0.000020	0.000000	0.000000	0.000000	0.000000	0.000000	0.000000	0.000000	0.000000	0.000000	0.000000	0.000000	0.000000	0.000000	0.000000
44	L	O	0.999972	0.000000	0.000000	0.000013	0.000000	0.000000	0.000000	0.000000	0.000000	0.000000	0.000000	0.000000	0.000000	0.000000	0.000000	0.000000	0.000000	0.000000
45	Y	O	0.999975	0.000000	0.000000	0.000009	0.000000	0.000001	0.000000	0.000000	0.000000	0.000000	0.000000	0.000000	0.000000	0.000000	0.000000	0.000000	0.000000	0.000000
46	I	O	0.999977	0.000000	0.000000	0.000006	0.000000	0.000001	0.000000	0.000000	0.000000	0.000000	0.000000	0.000000	0.000000	0.000000	0.000000	0.000000	0.000000	0.000000
47	G	O	0.999978	0.000000	0.000000	0.000004	0.000000	0.000001	0.000001	0.000000	0.000000	0.000000	0.000000	0.000000	0.000000	0.000000	0.000000	0.000001	0.000000	0.000000
48	K	O	0.999981	0.000000	0.000000	0.000002	0.000000	0.000001	0.000001	0.000000	0.000000	0.000000	0.000000	0.000000	0.000000	0.000000	0.000000	0.000001	0.000000	0.000000
49	N	O	0.999983	0.000000	0.000000	0.000001	0.000001	0.000001	0.000001	0.000000	0.000000	0.000000	0.000000	0.000000	0.000000	0.000000	0.000000	0.000001	0.000000	0.000000
50	A	O	0.999978	0.000000	0.000000	0.000001	0.000001	0.000001	0.000001	0.000001	0.000000	0.000000	0.000001	0.000000	0.000000	0.000000	0.000000	0.000001	0.000001	0.000001
51	Y	O	0.999980	0.000000	0.000000	0.000001	0.000001	0.000002	0.000001	0.000001	0.000000	0.000001	0.000001	0.000000	0.000000	0.000000	0.000000	0.000002	0.000001	0.000001
52	Q	O	0.999975	0.000000	0.000000	0.000000	0.000001	0.000002	0.000002	0.000001	0.000000	0.000001	0.000001	0.000000	0.000000	0.000000	0.000000	0.000003	0.000001	0.000001
53	L	O	0.999969	0.000000	0.000000	0.000000	0.000002	0.000003	0.000002	0.000002	0.000000	0.000001	0.000002	0.000000	0.000000	0.000000	0.000000	0.000003	0.000001	0.000002
54	L	O	0.999962	0.000000	0.000000	0.000000	0.000002	0.000004	0.000003	0.000003	0.000000	0.000002	0.000003	0.000000	0.000000	0.000000	0.000001	0.000005	0.000002	0.000002
55	Y	O	0.999955	0.000000	0.000000	0.000000	0.000003	0.000005	0.000004	0.000005	0.000001	0.000003	0.000004	0.000000	0.000000	0.000000	0.000001	0.000007	0.000002	0.000003
56	F	O	0.999937	0.000000	0.000000	0.000000	0.000004	0.000006	0.000005	0.000007	0.000001	0.000004	0.000005	0.000000	0.000000	0.000001	0.000001	0.000011	0.000003	0.000003
57	G	O	0.999922	0.000000	0.000000	0.000000	0.000007	0.000007	0.000006	0.000011	0.000001	0.000005	0.000007	0.000001	0.000000	0.000001	0.000002	0.000017	0.000004	0.000004
58	Q	O	0.999884	0.000000	0.000000	0.000000	0.000011	0.000009	0.000008	0.000017	0.000003	0.000008	0.000010	0.000001	0.000000	0.000001	0.000002	0.000028	0.000005	0.000006
59	Y	O	0.999821	0.000000	0.000000	0.000000	0.000019	0.000012	0.000010	0.000030	0.000004	0.000012	0.000015	0.000002	0.000001	0.000002	0.000003	0.000048	0.000008	0.000008
60	E	O	0.999709	0.000000	0.000000	0.000000	0.000030	0.000019	0.000012	0.000050	0.000007	0.000020	0.000024	0.000003	0.000001	0.000003	0.000005	0.000082	0.000011	0.000012
61	D	O	0.999529	0.000000	0.000000	0.000000	0.000047	0.000032	0.000015	0.000088	0.000011	0.000034	0.000038	0.000005	0.000002	0.000006	0.000008	0.000137	0.000020	0.000017
62	S	O	0.999173	0.000000	0.000000	0.000000	0.000070	0.000063	0.000022	0.000169	0.000016	0.000066	0.000068	0.000010	0.000003	0.000012	0.000015	0.000236	0.000036	0.000029
63	L	O	0.998596	0.000000	0.000000	0.000000	0.000097	0.000115	0.000033	0.000290	0.000027	0.000139	0.000121	0.000015	0.000004	0.000025	0.000026	0.000376	0.000080	0.000048
64	N	O	0.997665	0.000000	0.000000	0.000000	0.000118	0.000202	0.000062	0.000461	0.000033	0.000276	0.000231	0.000022	0.000004	0.000050	0.000047	0.000554	0.000178	0.000090
65	L	O	0.996373	0.000000	0.000000	0.000000	0.000084	0.000347	0.000122	0.000540	0.000041	0.000596	0.000408	0.000022	0.000003	0.000099	0.000093	0.000682	0.000387	0.000201
66	A	O	0.994889	0.000000	0.000000	0.000000	0.000040	0.000515	0.000160	0.000525	0.000025	0.000954	0.000792	0.000016	0.000000	0.000173	0.000149	0.000696	0.000687	0.000375
67	K	O	0.992840	0.000000	0.000000	0.000000	0.000000	0.000547	0.000579	0.000360	0.000000	0.001191	0.001615	0.000000	0.000000	0.000258	0.000325	0.000473	0.001001	0.000805
68	L	O	0.991998	0.000000	0.000000	0.000000	0.000000	0.000415	0.000738	0.000000	0.000000	0.001161	0.002459	0.000000	0.000000	0.000314	0.000497	0.000000	0.001056	0.001353
69	A	O	0.991754	0.000000	0.000000	0.000000	0.000000	0.000000	0.001337	0.000000	0.000000	0.000000	0.003547	0.000000	0.000000	0.000000	0.001366	0.000000	0.000000	0.001992
70	V	O	0.999997	0.000000	0.000000	0.000000	0.000000	0.000000	0.000000	0.000000	0.000000	0.000000	0.000000	0.000000	0.000000	0.000000	0.000000	0.000000	0.000000	0.000000
