# Name=WP_011819219.1 ribosome maturation factor RimM [Prochlorococcus marinus]
# pos	aa	label	Other	Sec/SPI n	Sec/SPI h	Sec/SPI c	Sec/SPII n	Sec/SPII h	Sec/SPII cys	Tat/SPI n	Tat/SPI RR	Tat/SPI h	Tat/SPI c	Tat/SPII n	Tat/SPII RR	Tat/SPII h	Tat/SPII cys	Sec/SPIII P	Sec/SPIII cons.	Sec/SPIII h
1	M	O	0.585651	0.400196	0.000000	0.000000	0.014113	0.000000	0.000000	0.000009	0.000000	0.000000	0.000000	0.000001	0.000000	0.000000	0.000000	0.000012	0.000000	0.000000
2	I	O	0.585657	0.372264	0.027932	0.000000	0.012889	0.001224	0.000000	0.000008	0.000001	0.000000	0.000000	0.000001	0.000000	0.000000	0.000000	0.000011	0.000001	0.000000
3	I	O	0.585654	0.333441	0.066664	0.000093	0.011276	0.002837	0.000000	0.000007	0.000001	0.000001	0.000000	0.000001	0.000000	0.000000	0.000000	0.000010	0.000002	0.000001
4	K	O	0.585672	0.305446	0.094418	0.000319	0.009947	0.004154	0.000012	0.000006	0.000002	0.000001	0.000000	0.000001	0.000000	0.000000	0.000000	0.000009	0.000002	0.000001
5	N	O	0.585759	0.251591	0.148108	0.000411	0.007735	0.006338	0.000028	0.000006	0.000001	0.000002	0.000000	0.000001	0.000000	0.000000	0.000000	0.000008	0.000002	0.000001
6	E	O	0.585916	0.164098	0.235487	0.000393	0.004995	0.009045	0.000033	0.000005	0.000001	0.000003	0.000000	0.000001	0.000000	0.000000	0.000000	0.000006	0.000002	0.000001
7	W	O	0.586097	0.077275	0.322192	0.000364	0.002615	0.011395	0.000030	0.000004	0.000001	0.000005	0.000000	0.000001	0.000000	0.000001	0.000000	0.000005	0.000003	0.000001
8	L	O	0.586248	0.035257	0.363968	0.000486	0.001318	0.012658	0.000033	0.000003	0.000001	0.000006	0.000000	0.000000	0.000000	0.000001	0.000000	0.000003	0.000003	0.000002
9	I	O	0.586405	0.016497	0.382202	0.000892	0.000646	0.013280	0.000050	0.000002	0.000000	0.000007	0.000000	0.000000	0.000000	0.000001	0.000000	0.000002	0.000003	0.000002
10	V	O	0.586608	0.007831	0.389657	0.001951	0.000313	0.013538	0.000075	0.000001	0.000000	0.000008	0.000000	0.000000	0.000000	0.000001	0.000000	0.000002	0.000002	0.000002
11	G	O	0.586890	0.003753	0.390853	0.004629	0.000151	0.013583	0.000117	0.000001	0.000000	0.000008	0.000000	0.000000	0.000000	0.000001	0.000000	0.000001	0.000002	0.000002
12	F	O	0.587355	0.001560	0.387788	0.009543	0.000062	0.013500	0.000171	0.000001	0.000000	0.000008	0.000000	0.000000	0.000000	0.000001	0.000000	0.000001	0.000001	0.000001
13	I	O	0.587885	0.000643	0.373149	0.024743	0.000022	0.013395	0.000145	0.000000	0.000000	0.000008	0.000001	0.000000	0.000000	0.000001	0.000000	0.000001	0.000001	0.000001
14	T	O	0.588395	0.000348	0.316576	0.081242	0.000011	0.013172	0.000234	0.000000	0.000000	0.000007	0.000001	0.000000	0.000000	0.000001	0.000000	0.000000	0.000001	0.000001
15	S	O	0.589615	0.000202	0.230926	0.166054	0.000007	0.011722	0.001454	0.000000	0.000000	0.000006	0.000003	0.000000	0.000000	0.000001	0.000000	0.000000	0.000000	0.000001
16	C	O	0.594162	0.000107	0.160115	0.233871	0.000003	0.006130	0.005596	0.000000	0.000000	0.000005	0.000004	0.000000	0.000000	0.000001	0.000000	0.000000	0.000000	0.000001
17	H	O	0.604108	0.000078	0.068284	0.321380	0.000002	0.004073	0.002058	0.000000	0.000000	0.000003	0.000005	0.000000	0.000000	0.000000	0.000000	0.000000	0.000000	0.000000
18	G	O	0.620704	0.000052	0.034138	0.341012	0.000001	0.002507	0.001568	0.000000	0.000000	0.000002	0.000006	0.000000	0.000000	0.000000	0.000000	0.000000	0.000000	0.000000
19	I	O	0.661318	0.000029	0.021116	0.315010	0.000000	0.001345	0.001163	0.000000	0.000000	0.000001	0.000005	0.000000	0.000000	0.000000	0.000000	0.000000	0.000000	0.000000
20	N	O	0.692682	0.000024	0.005753	0.300181	0.000000	0.000803	0.000542	0.000000	0.000000	0.000001	0.000005	0.000000	0.000000	0.000000	0.000000	0.000000	0.000000	0.000000
21	G	O	0.762860	0.000020	0.001967	0.234335	0.000000	0.000369	0.000434	0.000000	0.000000	0.000000	0.000004	0.000000	0.000000	0.000000	0.000000	0.000000	0.000000	0.000000
22	Q	O	0.907605	0.000016	0.001401	0.090595	0.000000	0.000153	0.000215	0.000000	0.000000	0.000000	0.000002	0.000000	0.000000	0.000000	0.000000	0.000000	0.000000	0.000000
23	L	O	0.944341	0.000012	0.000903	0.054574	0.000000	0.000083	0.000070	0.000000	0.000000	0.000000	0.000001	0.000000	0.000000	0.000000	0.000000	0.000000	0.000000	0.000000
24	K	O	0.964036	0.000010	0.000519	0.035340	0.000000	0.000048	0.000035	0.000000	0.000000	0.000000	0.000001	0.000000	0.000000	0.000000	0.000000	0.000000	0.000000	0.000000
25	V	O	0.978296	0.000008	0.000326	0.021306	0.000000	0.000026	0.000021	0.000000	0.000000	0.000000	0.000000	0.000000	0.000000	0.000000	0.000000	0.000000	0.000000	0.000000
26	K	O	0.986858	0.000006	0.000201	0.012893	0.000000	0.000015	0.000012	0.000000	0.000000	0.000000	0.000000	0.000000	0.000000	0.000000	0.000000	0.000000	0.000000	0.000000
27	S	O	0.992051	0.000005	0.000130	0.007777	0.000000	0.000009	0.000007	0.000000	0.000000	0.000000	0.000000	0.000000	0.000000	0.000000	0.000000	0.000000	0.000000	0.000000
28	L	O	0.995104	0.000004	0.000088	0.004778	0.000000	0.000005	0.000004	0.000000	0.000000	0.000000	0.000000	0.000000	0.000000	0.000000	0.000000	0.000000	0.000000	0.000000
29	S	O	0.996720	0.000003	0.000055	0.003195	0.000000	0.000003	0.000002	0.000000	0.000000	0.000000	0.000000	0.000000	0.000000	0.000000	0.000000	0.000000	0.000000	0.000000
30	D	O	0.997787	0.000003	0.000035	0.002149	0.000000	0.000002	0.000001	0.000000	0.000000	0.000000	0.000000	0.000000	0.000000	0.000000	0.000000	0.000000	0.000000	0.000000
31	F	O	0.998513	0.000002	0.000024	0.001438	0.000000	0.000001	0.000001	0.000000	0.000000	0.000000	0.000000	0.000000	0.000000	0.000000	0.000000	0.000000	0.000000	0.000000
32	E	O	0.998988	0.000002	0.000016	0.000971	0.000000	0.000001	0.000001	0.000000	0.000000	0.000000	0.000000	0.000000	0.000000	0.000000	0.000000	0.000000	0.000000	0.000000
33	E	O	0.999306	0.000001	0.000011	0.000657	0.000000	0.000001	0.000001	0.000000	0.000000	0.000000	0.000000	0.000000	0.000000	0.000000	0.000000	0.000000	0.000000	0.000000
34	R	O	0.999517	0.000001	0.000008	0.000451	0.000001	0.000001	0.000001	0.000000	0.000000	0.000000	0.000000	0.000000	0.000000	0.000000	0.000000	0.000000	0.000000	0.000000
35	F	O	0.999655	0.000001	0.000006	0.000315	0.000001	0.000001	0.000001	0.000000	0.000000	0.000000	0.000000	0.000000	0.000000	0.000000	0.000000	0.000000	0.000000	0.000000
36	L	O	0.999751	0.000001	0.000004	0.000226	0.000001	0.000001	0.000001	0.000000	0.000000	0.000000	0.000000	0.000000	0.000000	0.000000	0.000000	0.000000	0.000000	0.000000
37	K	O	0.999808	0.000001	0.000003	0.000168	0.000001	0.000002	0.000001	0.000000	0.000000	0.000000	0.000000	0.000000	0.000000	0.000000	0.000000	0.000001	0.000000	0.000000
38	P	O	0.999849	0.000001	0.000002	0.000127	0.000001	0.000002	0.000001	0.000000	0.000000	0.000000	0.000000	0.000000	0.000000	0.000000	0.000000	0.000001	0.000000	0.000000
39	G	O	0.999881	0.000000	0.000002	0.000096	0.000002	0.000003	0.000001	0.000000	0.000000	0.000000	0.000000	0.000000	0.000000	0.000000	0.000000	0.000001	0.000000	0.000000
40	M	O	0.999905	0.000000	0.000001	0.000073	0.000002	0.000003	0.000002	0.000000	0.000000	0.000000	0.000000	0.000000	0.000000	0.000000	0.000000	0.000001	0.000000	0.000000
41	R	O	0.999916	0.000000	0.000001	0.000057	0.000002	0.000004	0.000002	0.000000	0.000000	0.000000	0.000000	0.000000	0.000000	0.000000	0.000000	0.000001	0.000000	0.000001
42	W	O	0.999932	0.000000	0.000001	0.000043	0.000003	0.000004	0.000002	0.000001	0.000000	0.000000	0.000000	0.000000	0.000000	0.000000	0.000000	0.000002	0.000001	0.000001
43	L	O	0.999940	0.000000	0.000000	0.000033	0.000003	0.000005	0.000003	0.000001	0.000000	0.000001	0.000001	0.000000	0.000000	0.000000	0.000000	0.000002	0.000001	0.000001
44	Q	O	0.999943	0.000000	0.000000	0.000026	0.000004	0.000006	0.000003	0.000001	0.000000	0.000001	0.000001	0.000000	0.000000	0.000000	0.000000	0.000003	0.000001	0.000001
45	K	O	0.999943	0.000000	0.000000	0.000020	0.000005	0.000008	0.000005	0.000001	0.000000	0.000001	0.000001	0.000000	0.000000	0.000000	0.000000	0.000003	0.000001	0.000001
46	E	O	0.999949	0.000000	0.000000	0.000015	0.000005	0.000009	0.000005	0.000002	0.000000	0.000001	0.000002	0.000000	0.000000	0.000000	0.000000	0.000004	0.000002	0.000002
47	S	O	0.999943	0.000000	0.000000	0.000011	0.000005	0.000010	0.000006	0.000002	0.000000	0.000001	0.000002	0.000000	0.000000	0.000000	0.000000	0.000005	0.000002	0.000002
48	E	O	0.999942	0.000000	0.000000	0.000008	0.000006	0.000011	0.000007	0.000003	0.000000	0.000002	0.000003	0.000000	0.000000	0.000000	0.000000	0.000006	0.000002	0.000003
49	H	O	0.999938	0.000000	0.000000	0.000006	0.000007	0.000013	0.000008	0.000004	0.000000	0.000002	0.000003	0.000000	0.000000	0.000000	0.000000	0.000007	0.000003	0.000003
50	P	O	0.999930	0.000000	0.000000	0.000004	0.000008	0.000015	0.000010	0.000005	0.000001	0.000003	0.000004	0.000000	0.000000	0.000000	0.000000	0.000008	0.000004	0.000004
51	S	O	0.999918	0.000000	0.000000	0.000003	0.000010	0.000018	0.000011	0.000007	0.000001	0.000004	0.000005	0.000000	0.000000	0.000000	0.000001	0.000010	0.000005	0.000005
52	K	O	0.999896	0.000000	0.000000	0.000002	0.000013	0.000021	0.000014	0.000009	0.000001	0.000006	0.000007	0.000000	0.000000	0.000001	0.000001	0.000013	0.000006	0.000006
53	I	O	0.999875	0.000000	0.000000	0.000001	0.000014	0.000026	0.000016	0.000012	0.000002	0.000009	0.000009	0.000000	0.000000	0.000001	0.000001	0.000016	0.000007	0.000008
54	E	O	0.999844	0.000000	0.000000	0.000001	0.000017	0.000033	0.000019	0.000016	0.000002	0.000012	0.000013	0.000000	0.000000	0.000001	0.000002	0.000020	0.000009	0.000010
55	L	O	0.999806	0.000000	0.000000	0.000001	0.000018	0.000039	0.000024	0.000021	0.000003	0.000017	0.000018	0.000001	0.000000	0.000001	0.000002	0.000024	0.000011	0.000012
56	I	O	0.999761	0.000000	0.000000	0.000000	0.000020	0.000047	0.000030	0.000027	0.000003	0.000022	0.000025	0.000001	0.000000	0.000002	0.000003	0.000030	0.000014	0.000015
57	S	O	0.999699	0.000000	0.000000	0.000000	0.000023	0.000053	0.000037	0.000036	0.000004	0.000028	0.000037	0.000001	0.000000	0.000003	0.000004	0.000038	0.000017	0.000020
58	G	O	0.999638	0.000000	0.000000	0.000000	0.000026	0.000058	0.000045	0.000045	0.000005	0.000036	0.000048	0.000001	0.000000	0.000003	0.000006	0.000047	0.000021	0.000024
59	F	O	0.999558	0.000000	0.000000	0.000000	0.000030	0.000064	0.000051	0.000055	0.000006	0.000049	0.000062	0.000001	0.000000	0.000004	0.000007	0.000059	0.000026	0.000029
60	K	O	0.999439	0.000000	0.000000	0.000000	0.000035	0.000074	0.000060	0.000070	0.000008	0.000063	0.000088	0.000002	0.000001	0.000006	0.000010	0.000077	0.000033	0.000037
61	Q	O	0.999281	0.000000	0.000000	0.000000	0.000039	0.000089	0.000072	0.000090	0.000011	0.000084	0.000121	0.000002	0.000001	0.000008	0.000015	0.000098	0.000045	0.000048
62	P	O	0.999054	0.000000	0.000000	0.000000	0.000042	0.000110	0.000091	0.000120	0.000012	0.000111	0.000173	0.000003	0.000001	0.000012	0.000022	0.000124	0.000062	0.000067
63	G	O	0.998794	0.000000	0.000000	0.000000	0.000044	0.000130	0.000112	0.000143	0.000014	0.000153	0.000238	0.000004	0.000001	0.000017	0.000031	0.000151	0.000082	0.000089
64	K	O	0.998485	0.000000	0.000000	0.000000	0.000043	0.000143	0.000153	0.000160	0.000018	0.000198	0.000326	0.000004	0.000001	0.000023	0.000043	0.000178	0.000105	0.000121
65	E	O	0.998202	0.000000	0.000000	0.000000	0.000031	0.000169	0.000158	0.000179	0.000013	0.000256	0.000418	0.000004	0.000000	0.000032	0.000060	0.000186	0.000140	0.000154
66	I	O	0.997874	0.000000	0.000000	0.000000	0.000013	0.000187	0.000196	0.000154	0.000006	0.000340	0.000542	0.000003	0.000000	0.000045	0.000087	0.000163	0.000186	0.000208
67	F	O	0.997551	0.000000	0.000000	0.000000	0.000000	0.000178	0.000259	0.000086	0.000000	0.000360	0.000778	0.000000	0.000000	0.000057	0.000133	0.000106	0.000212	0.000287
68	I	O	0.997517	0.000000	0.000000	0.000000	0.000000	0.000100	0.000341	0.000000	0.000000	0.000251	0.000978	0.000000	0.000000	0.000057	0.000197	0.000000	0.000201	0.000359
69	V	O	0.998045	0.000000	0.000000	0.000000	0.000000	0.000000	0.000322	0.000000	0.000000	0.000000	0.000886	0.000000	0.000000	0.000000	0.000328	0.000000	0.000000	0.000417
70	K	O	1.000000	0.000000	0.000000	0.000000	0.000000	0.000000	0.000000	0.000000	0.000000	0.000000	0.000000	0.000000	0.000000	0.000000	0.000000	0.000000	0.000000	0.000000
