# Name=WP_011817818.1 LysM peptidoglycan-binding domain-containing protein [Prochlorococcus marinus]
# pos	aa	label	Other	Sec/SPI n	Sec/SPI h	Sec/SPI c	Sec/SPII n	Sec/SPII h	Sec/SPII cys	Tat/SPI n	Tat/SPI RR	Tat/SPI h	Tat/SPI c	Tat/SPII n	Tat/SPII RR	Tat/SPII h	Tat/SPII cys	Sec/SPIII P	Sec/SPIII cons.	Sec/SPIII h
1	M	N	0.379761	0.542791	0.000000	0.000000	0.077299	0.000000	0.000000	0.000103	0.000000	0.000000	0.000000	0.000007	0.000000	0.000000	0.000000	0.000015	0.000000	0.000000
2	K	N	0.379761	0.484540	0.058246	0.000000	0.065155	0.012144	0.000000	0.000066	0.000017	0.000020	0.000000	0.000005	0.000001	0.000002	0.000000	0.000012	0.000004	0.000000
3	F	H	0.379761	0.162059	0.380726	0.000003	0.022397	0.054902	0.000000	0.000047	0.000013	0.000044	0.000000	0.000003	0.000001	0.000003	0.000000	0.000006	0.000008	0.000001
4	T	H	0.379763	0.049553	0.493211	0.000022	0.007359	0.069923	0.000016	0.000032	0.000010	0.000061	0.000000	0.000002	0.000001	0.000004	0.000000	0.000002	0.000008	0.000004
5	F	H	0.379790	0.016368	0.526364	0.000047	0.002668	0.074489	0.000126	0.000024	0.000007	0.000072	0.000000	0.000002	0.000001	0.000005	0.000000	0.000001	0.000006	0.000006
6	L	H	0.379939	0.005962	0.536709	0.000084	0.001047	0.075854	0.000256	0.000018	0.000005	0.000079	0.000000	0.000001	0.000000	0.000006	0.000000	0.000001	0.000004	0.000006
7	V	H	0.380233	0.002319	0.540259	0.000140	0.000429	0.076058	0.000414	0.000014	0.000004	0.000085	0.000000	0.000001	0.000000	0.000006	0.000000	0.000000	0.000003	0.000006
8	I	H	0.380698	0.000951	0.541480	0.000242	0.000181	0.075686	0.000619	0.000010	0.000003	0.000089	0.000000	0.000001	0.000000	0.000006	0.000000	0.000000	0.000002	0.000005
9	A	H	0.381391	0.000411	0.541744	0.000445	0.000081	0.075077	0.000710	0.000008	0.000002	0.000092	0.000000	0.000000	0.000000	0.000006	0.000000	0.000000	0.000001	0.000003
10	I	H	0.382194	0.000167	0.541492	0.000850	0.000035	0.074129	0.000994	0.000006	0.000002	0.000095	0.000000	0.000000	0.000000	0.000006	0.000000	0.000000	0.000001	0.000002
11	F	H	0.383297	0.000070	0.540407	0.001923	0.000015	0.073100	0.001049	0.000005	0.000001	0.000096	0.000001	0.000000	0.000000	0.000006	0.000000	0.000000	0.000000	0.000002
12	I	H	0.384473	0.000029	0.537319	0.004930	0.000006	0.071909	0.001199	0.000003	0.000001	0.000097	0.000001	0.000000	0.000000	0.000006	0.000000	0.000000	0.000000	0.000001
13	N	H	0.385801	0.000013	0.528062	0.014075	0.000003	0.069785	0.002127	0.000003	0.000001	0.000097	0.000003	0.000000	0.000000	0.000005	0.000001	0.000000	0.000000	0.000001
14	F	H	0.388156	0.000005	0.509648	0.032270	0.000001	0.066354	0.003433	0.000002	0.000000	0.000095	0.000005	0.000000	0.000000	0.000005	0.000001	0.000000	0.000000	0.000000
15	F	H	0.391771	0.000002	0.444218	0.097523	0.000000	0.063286	0.003069	0.000001	0.000000	0.000089	0.000011	0.000000	0.000000	0.000004	0.000001	0.000000	0.000000	0.000000
16	N	C	0.395052	0.000002	0.241851	0.299678	0.000000	0.058651	0.004634	0.000001	0.000000	0.000076	0.000025	0.000000	0.000000	0.000004	0.000001	0.000000	0.000000	0.000000
17	H	C	0.400689	0.000001	0.147932	0.392596	0.000000	0.028064	0.030588	0.000001	0.000000	0.000064	0.000037	0.000000	0.000000	0.000002	0.000001	0.000000	0.000000	0.000000
18	S	C	0.434124	0.000001	0.107858	0.429826	0.000000	0.016480	0.011584	0.000001	0.000000	0.000053	0.000047	0.000000	0.000000	0.000002	0.000001	0.000000	0.000000	0.000000
19	L	C	0.449970	0.000000	0.077450	0.455972	0.000000	0.007674	0.008806	0.000000	0.000000	0.000041	0.000058	0.000000	0.000000	0.000001	0.000001	0.000000	0.000000	0.000000
20	I	C	0.461069	0.000000	0.012782	0.518350	0.000000	0.004973	0.002701	0.000000	0.000000	0.000015	0.000083	0.000000	0.000000	0.000001	0.000000	0.000000	0.000000	0.000000
21	K	C	0.474997	0.000000	0.001397	0.518512	0.000000	0.002124	0.002849	0.000000	0.000000	0.000004	0.000089	0.000000	0.000000	0.000000	0.000000	0.000000	0.000000	0.000000
22	S	C	0.546978	0.000000	0.000387	0.450409	0.000000	0.000485	0.001640	0.000000	0.000000	0.000001	0.000074	0.000000	0.000000	0.000000	0.000000	0.000000	0.000000	0.000000
23	E	O	0.837332	0.000000	0.000333	0.161800	0.000000	0.000119	0.000366	0.000000	0.000000	0.000001	0.000024	0.000000	0.000000	0.000000	0.000000	0.000000	0.000000	0.000000
24	E	O	0.877256	0.000000	0.000248	0.122336	0.000000	0.000048	0.000070	0.000000	0.000000	0.000001	0.000014	0.000000	0.000000	0.000000	0.000000	0.000000	0.000000	0.000000
25	N	O	0.900452	0.000000	0.000179	0.099284	0.000000	0.000027	0.000022	0.000000	0.000000	0.000000	0.000009	0.000000	0.000000	0.000000	0.000000	0.000000	0.000000	0.000000
26	I	O	0.917883	0.000000	0.000129	0.081928	0.000000	0.000017	0.000010	0.000000	0.000000	0.000000	0.000006	0.000000	0.000000	0.000000	0.000000	0.000000	0.000000	0.000000
27	F	O	0.932558	0.000000	0.000090	0.067303	0.000000	0.000011	0.000006	0.000000	0.000000	0.000000	0.000004	0.000000	0.000000	0.000000	0.000000	0.000000	0.000000	0.000000
28	S	O	0.945380	0.000000	0.000063	0.054513	0.000000	0.000008	0.000004	0.000000	0.000000	0.000000	0.000002	0.000000	0.000000	0.000000	0.000000	0.000000	0.000000	0.000000
29	S	O	0.957206	0.000000	0.000045	0.042711	0.000001	0.000005	0.000003	0.000000	0.000000	0.000000	0.000001	0.000000	0.000000	0.000000	0.000000	0.000000	0.000000	0.000000
30	K	O	0.966664	0.000000	0.000034	0.033268	0.000001	0.000004	0.000002	0.000000	0.000000	0.000000	0.000001	0.000000	0.000000	0.000000	0.000000	0.000000	0.000000	0.000000
31	N	O	0.973250	0.000000	0.000024	0.026689	0.000001	0.000003	0.000001	0.000000	0.000000	0.000000	0.000001	0.000000	0.000000	0.000000	0.000000	0.000000	0.000000	0.000000
32	K	O	0.978071	0.000000	0.000017	0.021877	0.000001	0.000002	0.000001	0.000000	0.000000	0.000000	0.000000	0.000000	0.000000	0.000000	0.000000	0.000000	0.000000	0.000000
33	I	O	0.981926	0.000000	0.000012	0.018031	0.000001	0.000003	0.000001	0.000000	0.000000	0.000000	0.000000	0.000000	0.000000	0.000000	0.000000	0.000000	0.000000	0.000000
34	E	O	0.984918	0.000000	0.000008	0.015037	0.000002	0.000003	0.000001	0.000000	0.000000	0.000000	0.000000	0.000000	0.000000	0.000000	0.000000	0.000000	0.000000	0.000000
35	N	O	0.987416	0.000000	0.000005	0.012547	0.000002	0.000003	0.000001	0.000000	0.000000	0.000000	0.000000	0.000000	0.000000	0.000000	0.000000	0.000000	0.000000	0.000000
36	I	O	0.989725	0.000000	0.000004	0.010236	0.000002	0.000004	0.000001	0.000000	0.000000	0.000000	0.000000	0.000000	0.000000	0.000000	0.000000	0.000000	0.000000	0.000000
37	A	O	0.991709	0.000000	0.000002	0.008250	0.000002	0.000004	0.000002	0.000000	0.000000	0.000000	0.000000	0.000000	0.000000	0.000000	0.000000	0.000000	0.000000	0.000000
38	R	O	0.993557	0.000000	0.000002	0.006405	0.000002	0.000004	0.000002	0.000000	0.000000	0.000000	0.000000	0.000000	0.000000	0.000000	0.000000	0.000000	0.000000	0.000000
39	K	O	0.995151	0.000000	0.000001	0.004811	0.000003	0.000004	0.000002	0.000000	0.000000	0.000000	0.000000	0.000000	0.000000	0.000000	0.000000	0.000000	0.000000	0.000000
40	E	O	0.996385	0.000000	0.000001	0.003583	0.000003	0.000005	0.000002	0.000000	0.000000	0.000000	0.000000	0.000000	0.000000	0.000000	0.000000	0.000001	0.000000	0.000000
41	S	O	0.997276	0.000000	0.000001	0.002692	0.000003	0.000006	0.000003	0.000000	0.000000	0.000000	0.000000	0.000000	0.000000	0.000000	0.000000	0.000001	0.000000	0.000000
42	I	O	0.997934	0.000000	0.000000	0.002028	0.000003	0.000007	0.000004	0.000001	0.000000	0.000000	0.000001	0.000000	0.000000	0.000000	0.000000	0.000001	0.000000	0.000000
43	T	O	0.998470	0.000000	0.000000	0.001495	0.000004	0.000008	0.000004	0.000001	0.000000	0.000001	0.000001	0.000000	0.000000	0.000000	0.000000	0.000001	0.000000	0.000000
44	E	O	0.998917	0.000000	0.000000	0.001045	0.000004	0.000008	0.000005	0.000001	0.000000	0.000001	0.000001	0.000000	0.000000	0.000000	0.000000	0.000001	0.000000	0.000000
45	E	O	0.999257	0.000000	0.000000	0.000704	0.000005	0.000009	0.000006	0.000001	0.000000	0.000001	0.000001	0.000000	0.000000	0.000000	0.000000	0.000001	0.000001	0.000001
46	K	O	0.999486	0.000000	0.000000	0.000469	0.000005	0.000010	0.000007	0.000001	0.000000	0.000001	0.000001	0.000000	0.000000	0.000000	0.000000	0.000001	0.000001	0.000001
47	T	O	0.999646	0.000000	0.000000	0.000306	0.000006	0.000012	0.000008	0.000001	0.000000	0.000001	0.000002	0.000000	0.000000	0.000000	0.000000	0.000002	0.000001	0.000001
48	E	O	0.999754	0.000000	0.000000	0.000198	0.000007	0.000014	0.000009	0.000002	0.000000	0.000001	0.000002	0.000000	0.000000	0.000000	0.000000	0.000002	0.000001	0.000001
49	I	O	0.999815	0.000000	0.000000	0.000127	0.000008	0.000017	0.000012	0.000002	0.000000	0.000002	0.000002	0.000000	0.000000	0.000000	0.000000	0.000002	0.000001	0.000001
50	K	O	0.999855	0.000000	0.000000	0.000078	0.000009	0.000019	0.000014	0.000003	0.000000	0.000002	0.000003	0.000000	0.000000	0.000000	0.000000	0.000003	0.000001	0.000002
51	K	O	0.999878	0.000000	0.000000	0.000048	0.000010	0.000022	0.000016	0.000004	0.000000	0.000003	0.000004	0.000000	0.000000	0.000000	0.000000	0.000004	0.000002	0.000002
52	I	O	0.999881	0.000000	0.000000	0.000029	0.000012	0.000026	0.000019	0.000005	0.000001	0.000004	0.000005	0.000000	0.000000	0.000000	0.000000	0.000004	0.000002	0.000002
53	H	O	0.999876	0.000000	0.000000	0.000018	0.000014	0.000031	0.000023	0.000006	0.000001	0.000005	0.000007	0.000000	0.000000	0.000000	0.000001	0.000006	0.000003	0.000003
54	I	O	0.999863	0.000000	0.000000	0.000011	0.000015	0.000036	0.000029	0.000008	0.000001	0.000007	0.000009	0.000000	0.000000	0.000000	0.000001	0.000007	0.000003	0.000004
55	V	O	0.999839	0.000000	0.000000	0.000007	0.000018	0.000043	0.000033	0.000010	0.000001	0.000009	0.000012	0.000000	0.000000	0.000001	0.000001	0.000009	0.000004	0.000005
56	K	O	0.999811	0.000000	0.000000	0.000004	0.000022	0.000048	0.000042	0.000013	0.000002	0.000011	0.000017	0.000000	0.000000	0.000001	0.000001	0.000011	0.000005	0.000006
57	S	O	0.999773	0.000000	0.000000	0.000002	0.000025	0.000057	0.000050	0.000018	0.000002	0.000015	0.000021	0.000000	0.000000	0.000001	0.000002	0.000014	0.000007	0.000008
58	G	O	0.999720	0.000000	0.000000	0.000001	0.000030	0.000067	0.000061	0.000025	0.000003	0.000020	0.000028	0.000001	0.000000	0.000001	0.000003	0.000018	0.000009	0.000010
59	D	O	0.999649	0.000000	0.000000	0.000001	0.000036	0.000080	0.000073	0.000033	0.000004	0.000028	0.000038	0.000001	0.000000	0.000002	0.000004	0.000024	0.000011	0.000013
60	T	O	0.999554	0.000000	0.000000	0.000001	0.000043	0.000097	0.000088	0.000045	0.000005	0.000038	0.000052	0.000001	0.000000	0.000003	0.000005	0.000030	0.000015	0.000017
61	L	O	0.999441	0.000000	0.000000	0.000000	0.000048	0.000119	0.000107	0.000059	0.000006	0.000053	0.000070	0.000001	0.000000	0.000004	0.000007	0.000039	0.000020	0.000022
62	S	O	0.999294	0.000000	0.000000	0.000000	0.000054	0.000145	0.000131	0.000079	0.000008	0.000071	0.000097	0.000001	0.000000	0.000006	0.000010	0.000050	0.000026	0.000029
63	S	O	0.999119	0.000000	0.000000	0.000000	0.000054	0.000175	0.000155	0.000102	0.000009	0.000098	0.000131	0.000002	0.000000	0.000008	0.000014	0.000062	0.000035	0.000038
64	I	O	0.998882	0.000000	0.000000	0.000000	0.000046	0.000211	0.000197	0.000119	0.000010	0.000142	0.000182	0.000002	0.000000	0.000011	0.000021	0.000072	0.000049	0.000052
65	S	O	0.998583	0.000000	0.000000	0.000000	0.000034	0.000249	0.000253	0.000134	0.000009	0.000190	0.000276	0.000002	0.000000	0.000016	0.000031	0.000081	0.000064	0.000074
66	K	O	0.998271	0.000000	0.000000	0.000000	0.000016	0.000247	0.000359	0.000129	0.000007	0.000231	0.000407	0.000001	0.000000	0.000022	0.000046	0.000077	0.000081	0.000100
67	S	O	0.998090	0.000000	0.000000	0.000000	0.000000	0.000213	0.000410	0.000094	0.000000	0.000275	0.000544	0.000000	0.000000	0.000028	0.000066	0.000050	0.000097	0.000132
68	Y	O	0.998017	0.000000	0.000000	0.000000	0.000000	0.000111	0.000503	0.000000	0.000000	0.000266	0.000719	0.000000	0.000000	0.000033	0.000091	0.000000	0.000096	0.000160
69	S	O	0.998110	0.000000	0.000000	0.000000	0.000000	0.000000	0.000421	0.000000	0.000000	0.000000	0.001032	0.000000	0.000000	0.000000	0.000223	0.000000	0.000000	0.000209
70	I	O	0.999996	0.000000	0.000000	0.000000	0.000000	0.000000	0.000000	0.000000	0.000000	0.000000	0.000000	0.000000	0.000000	0.000000	0.000000	0.000000	0.000000	0.000000
