# Name=WP_011818180.1 S41 family peptidase [Prochlorococcus marinus]
# pos	aa	label	Other	Sec/SPI n	Sec/SPI h	Sec/SPI c	Sec/SPII n	Sec/SPII h	Sec/SPII cys	Tat/SPI n	Tat/SPI RR	Tat/SPI h	Tat/SPI c	Tat/SPII n	Tat/SPII RR	Tat/SPII h	Tat/SPII cys	Sec/SPIII P	Sec/SPIII cons.	Sec/SPIII h
1	M	N	0.082622	0.907092	0.000000	0.000000	0.010123	0.000000	0.000000	0.000090	0.000000	0.000000	0.000000	0.000005	0.000000	0.000000	0.000000	0.000007	0.000000	0.000000
2	K	N	0.082622	0.878694	0.028394	0.000000	0.009313	0.000810	0.000000	0.000079	0.000011	0.000001	0.000000	0.000004	0.000001	0.000000	0.000000	0.000006	0.000001	0.000000
3	I	N	0.082622	0.838117	0.068941	0.000035	0.008176	0.001947	0.000000	0.000074	0.000015	0.000002	0.000000	0.000003	0.000001	0.000000	0.000000	0.000005	0.000001	0.000001
4	R	N	0.082631	0.824601	0.082315	0.000171	0.007759	0.002359	0.000005	0.000074	0.000013	0.000003	0.000000	0.000003	0.000001	0.000000	0.000000	0.000005	0.000001	0.000001
5	E	N	0.082678	0.813149	0.093601	0.000294	0.007385	0.002706	0.000026	0.000074	0.000012	0.000005	0.000000	0.000003	0.000001	0.000000	0.000000	0.000004	0.000001	0.000001
6	L	N	0.082784	0.801979	0.104627	0.000359	0.007018	0.003038	0.000036	0.000072	0.000011	0.000007	0.000000	0.000003	0.000001	0.000000	0.000000	0.000003	0.000001	0.000001
7	L	N	0.082912	0.793713	0.112720	0.000437	0.006765	0.003252	0.000039	0.000070	0.000011	0.000009	0.000000	0.000003	0.000001	0.000000	0.000000	0.000003	0.000001	0.000001
8	K	N	0.083063	0.784658	0.121631	0.000473	0.006541	0.003408	0.000067	0.000059	0.000019	0.000012	0.000000	0.000003	0.000001	0.000001	0.000000	0.000003	0.000001	0.000001
9	K	N	0.083270	0.764933	0.141275	0.000413	0.006158	0.003679	0.000112	0.000047	0.000026	0.000017	0.000000	0.000002	0.000001	0.000001	0.000000	0.000002	0.000001	0.000001
10	K	N	0.083530	0.692785	0.213394	0.000295	0.005206	0.004488	0.000143	0.000038	0.000028	0.000024	0.000000	0.000002	0.000001	0.000001	0.000000	0.000001	0.000001	0.000000
11	Y	H	0.083827	0.288778	0.617395	0.000149	0.002017	0.007577	0.000100	0.000039	0.000014	0.000037	0.000000	0.000002	0.000001	0.000002	0.000000	0.000001	0.000002	0.000001
12	I	H	0.084010	0.067348	0.838808	0.000081	0.000562	0.008974	0.000058	0.000028	0.000009	0.000053	0.000000	0.000001	0.000001	0.000002	0.000000	0.000000	0.000001	0.000001
13	F	H	0.084111	0.018209	0.887920	0.000072	0.000175	0.009299	0.000062	0.000020	0.000007	0.000063	0.000000	0.000001	0.000000	0.000003	0.000000	0.000000	0.000001	0.000001
14	L	H	0.084209	0.005212	0.900864	0.000090	0.000058	0.009329	0.000087	0.000015	0.000005	0.000070	0.000000	0.000001	0.000000	0.000003	0.000000	0.000000	0.000000	0.000001
15	F	H	0.084333	0.001591	0.904397	0.000143	0.000020	0.009230	0.000137	0.000011	0.000004	0.000075	0.000000	0.000001	0.000000	0.000004	0.000000	0.000000	0.000000	0.000001
16	A	H	0.084519	0.000541	0.905288	0.000261	0.000007	0.009063	0.000180	0.000008	0.000003	0.000079	0.000000	0.000000	0.000000	0.000004	0.000000	0.000000	0.000000	0.000001
17	T	H	0.084766	0.000198	0.905301	0.000515	0.000003	0.008841	0.000226	0.000007	0.000002	0.000081	0.000000	0.000000	0.000000	0.000004	0.000000	0.000000	0.000000	0.000001
18	S	H	0.085073	0.000078	0.904721	0.001141	0.000001	0.008538	0.000305	0.000005	0.000002	0.000083	0.000000	0.000000	0.000000	0.000004	0.000000	0.000000	0.000000	0.000001
19	F	H	0.085502	0.000033	0.903390	0.002389	0.000000	0.007990	0.000548	0.000004	0.000001	0.000084	0.000000	0.000000	0.000000	0.000004	0.000000	0.000000	0.000000	0.000001
20	S	H	0.086218	0.000014	0.900699	0.004930	0.000000	0.007407	0.000583	0.000003	0.000001	0.000085	0.000001	0.000000	0.000000	0.000003	0.000000	0.000000	0.000000	0.000000
21	G	H	0.087035	0.000006	0.895854	0.009550	0.000000	0.006622	0.000786	0.000002	0.000001	0.000086	0.000001	0.000000	0.000000	0.000003	0.000000	0.000000	0.000000	0.000000
22	L	H	0.088100	0.000002	0.885816	0.019311	0.000000	0.005547	0.001075	0.000002	0.000000	0.000085	0.000002	0.000000	0.000000	0.000003	0.000000	0.000000	0.000000	0.000000
23	F	H	0.089397	0.000001	0.856468	0.048435	0.000000	0.004774	0.000773	0.000001	0.000000	0.000084	0.000005	0.000000	0.000000	0.000002	0.000000	0.000000	0.000000	0.000000
24	L	H	0.090431	0.000000	0.776896	0.127749	0.000000	0.004114	0.000660	0.000001	0.000000	0.000079	0.000010	0.000000	0.000000	0.000002	0.000000	0.000000	0.000000	0.000000
25	N	C	0.091301	0.000000	0.490678	0.413757	0.000000	0.003310	0.000803	0.000000	0.000000	0.000065	0.000024	0.000000	0.000000	0.000001	0.000000	0.000000	0.000000	0.000000
26	N	C	0.092789	0.000000	0.242548	0.661207	0.000000	0.001985	0.001325	0.000000	0.000000	0.000046	0.000043	0.000000	0.000000	0.000001	0.000000	0.000000	0.000000	0.000000
27	F	C	0.095740	0.000000	0.127595	0.774534	0.000000	0.000993	0.000993	0.000000	0.000000	0.000030	0.000059	0.000000	0.000000	0.000000	0.000000	0.000000	0.000000	0.000000
28	A	C	0.098230	0.000000	0.009991	0.890641	0.000000	0.000678	0.000315	0.000000	0.000000	0.000007	0.000080	0.000000	0.000000	0.000000	0.000000	0.000000	0.000000	0.000000
29	E	C	0.111433	0.000000	0.000829	0.886918	0.000000	0.000297	0.000381	0.000000	0.000000	0.000002	0.000082	0.000000	0.000000	0.000000	0.000000	0.000000	0.000000	0.000000
30	A	C	0.196197	0.000000	0.000036	0.803345	0.000000	0.000078	0.000219	0.000000	0.000000	0.000000	0.000069	0.000000	0.000000	0.000000	0.000000	0.000000	0.000000	0.000000
31	T	O	0.945012	0.000000	0.000030	0.054806	0.000000	0.000014	0.000063	0.000000	0.000000	0.000000	0.000012	0.000000	0.000000	0.000000	0.000000	0.000000	0.000000	0.000000
32	V	O	0.979140	0.000000	0.000019	0.020767	0.000000	0.000004	0.000011	0.000000	0.000000	0.000000	0.000004	0.000000	0.000000	0.000000	0.000000	0.000000	0.000000	0.000000
33	L	O	0.991216	0.000000	0.000012	0.008708	0.000000	0.000001	0.000003	0.000000	0.000000	0.000000	0.000002	0.000000	0.000000	0.000000	0.000000	0.000000	0.000000	0.000000
34	N	O	0.995947	0.000000	0.000008	0.003994	0.000000	0.000001	0.000001	0.000000	0.000000	0.000000	0.000001	0.000000	0.000000	0.000000	0.000000	0.000000	0.000000	0.000000
35	N	O	0.997973	0.000000	0.000005	0.001971	0.000000	0.000000	0.000000	0.000000	0.000000	0.000000	0.000000	0.000000	0.000000	0.000000	0.000000	0.000000	0.000000	0.000000
36	S	O	0.998846	0.000000	0.000003	0.001105	0.000000	0.000000	0.000000	0.000000	0.000000	0.000000	0.000000	0.000000	0.000000	0.000000	0.000000	0.000000	0.000000	0.000000
37	Y	O	0.999330	0.000000	0.000002	0.000625	0.000000	0.000000	0.000000	0.000000	0.000000	0.000000	0.000000	0.000000	0.000000	0.000000	0.000000	0.000000	0.000000	0.000000
38	K	O	0.999606	0.000000	0.000001	0.000352	0.000000	0.000000	0.000000	0.000000	0.000000	0.000000	0.000000	0.000000	0.000000	0.000000	0.000000	0.000000	0.000000	0.000000
39	E	O	0.999759	0.000000	0.000001	0.000199	0.000000	0.000000	0.000000	0.000000	0.000000	0.000000	0.000000	0.000000	0.000000	0.000000	0.000000	0.000000	0.000000	0.000000
40	V	O	0.999850	0.000000	0.000000	0.000113	0.000000	0.000001	0.000000	0.000000	0.000000	0.000000	0.000000	0.000000	0.000000	0.000000	0.000000	0.000000	0.000000	0.000000
41	I	O	0.999893	0.000000	0.000000	0.000067	0.000000	0.000001	0.000001	0.000000	0.000000	0.000000	0.000000	0.000000	0.000000	0.000000	0.000000	0.000000	0.000000	0.000000
42	D	O	0.999918	0.000000	0.000000	0.000041	0.000001	0.000001	0.000001	0.000000	0.000000	0.000000	0.000000	0.000000	0.000000	0.000000	0.000000	0.000000	0.000000	0.000000
43	H	O	0.999936	0.000000	0.000000	0.000024	0.000001	0.000001	0.000001	0.000000	0.000000	0.000000	0.000000	0.000000	0.000000	0.000000	0.000000	0.000000	0.000000	0.000000
44	V	O	0.999946	0.000000	0.000000	0.000015	0.000001	0.000002	0.000001	0.000000	0.000000	0.000000	0.000000	0.000000	0.000000	0.000000	0.000000	0.000000	0.000000	0.000000
45	W	O	0.999950	0.000000	0.000000	0.000009	0.000001	0.000002	0.000001	0.000000	0.000000	0.000000	0.000000	0.000000	0.000000	0.000000	0.000000	0.000000	0.000000	0.000000
46	Q	O	0.999957	0.000000	0.000000	0.000006	0.000001	0.000003	0.000002	0.000001	0.000000	0.000000	0.000001	0.000000	0.000000	0.000000	0.000000	0.000000	0.000000	0.000000
47	I	O	0.999956	0.000000	0.000000	0.000004	0.000001	0.000003	0.000002	0.000001	0.000000	0.000001	0.000001	0.000000	0.000000	0.000000	0.000000	0.000000	0.000000	0.000000
48	V	O	0.999962	0.000000	0.000000	0.000002	0.000002	0.000004	0.000003	0.000001	0.000000	0.000001	0.000001	0.000000	0.000000	0.000000	0.000000	0.000001	0.000000	0.000000
49	Y	O	0.999954	0.000000	0.000000	0.000001	0.000002	0.000004	0.000003	0.000001	0.000000	0.000001	0.000001	0.000000	0.000000	0.000000	0.000000	0.000001	0.000000	0.000000
50	R	O	0.999952	0.000000	0.000000	0.000001	0.000003	0.000005	0.000004	0.000002	0.000000	0.000001	0.000002	0.000000	0.000000	0.000000	0.000000	0.000001	0.000000	0.000001
51	D	O	0.999947	0.000000	0.000000	0.000001	0.000003	0.000006	0.000005	0.000003	0.000000	0.000002	0.000003	0.000000	0.000000	0.000000	0.000000	0.000001	0.000001	0.000001
52	F	O	0.999940	0.000000	0.000000	0.000000	0.000004	0.000008	0.000006	0.000003	0.000000	0.000003	0.000003	0.000000	0.000000	0.000000	0.000000	0.000001	0.000001	0.000001
53	L	O	0.999936	0.000000	0.000000	0.000000	0.000004	0.000009	0.000007	0.000004	0.000000	0.000003	0.000005	0.000000	0.000000	0.000000	0.000000	0.000002	0.000001	0.000001
54	D	O	0.999925	0.000000	0.000000	0.000000	0.000005	0.000011	0.000009	0.000006	0.000001	0.000004	0.000006	0.000000	0.000000	0.000000	0.000000	0.000002	0.000001	0.000001
55	S	O	0.999919	0.000000	0.000000	0.000000	0.000006	0.000014	0.000011	0.000007	0.000001	0.000006	0.000008	0.000000	0.000000	0.000000	0.000001	0.000003	0.000002	0.000002
56	S	O	0.999900	0.000000	0.000000	0.000000	0.000007	0.000017	0.000013	0.000009	0.000001	0.000007	0.000011	0.000000	0.000000	0.000000	0.000001	0.000004	0.000002	0.000002
57	G	O	0.999885	0.000000	0.000000	0.000000	0.000009	0.000020	0.000016	0.000012	0.000001	0.000010	0.000015	0.000000	0.000000	0.000001	0.000001	0.000005	0.000002	0.000003
58	K	O	0.999859	0.000000	0.000000	0.000000	0.000010	0.000023	0.000020	0.000015	0.000002	0.000012	0.000020	0.000000	0.000000	0.000001	0.000002	0.000007	0.000003	0.000004
59	F	O	0.999830	0.000000	0.000000	0.000000	0.000012	0.000028	0.000024	0.000019	0.000002	0.000016	0.000026	0.000000	0.000000	0.000001	0.000002	0.000009	0.000004	0.000005
60	Q	O	0.999799	0.000000	0.000000	0.000000	0.000014	0.000033	0.000030	0.000025	0.000003	0.000020	0.000033	0.000000	0.000000	0.000001	0.000003	0.000012	0.000005	0.000006
61	K	O	0.999758	0.000000	0.000000	0.000000	0.000016	0.000036	0.000039	0.000032	0.000004	0.000025	0.000042	0.000001	0.000000	0.000002	0.000003	0.000015	0.000007	0.000008
62	S	O	0.999705	0.000000	0.000000	0.000000	0.000017	0.000044	0.000040	0.000044	0.000004	0.000034	0.000050	0.000001	0.000000	0.000003	0.000005	0.000019	0.000009	0.000010
63	N	O	0.999622	0.000000	0.000000	0.000000	0.000018	0.000053	0.000052	0.000058	0.000005	0.000050	0.000068	0.000001	0.000000	0.000004	0.000007	0.000024	0.000012	0.000014
64	W	O	0.999525	0.000000	0.000000	0.000000	0.000018	0.000064	0.000063	0.000070	0.000006	0.000076	0.000091	0.000001	0.000000	0.000005	0.000009	0.000029	0.000017	0.000018
65	I	O	0.999391	0.000000	0.000000	0.000000	0.000014	0.000078	0.000077	0.000081	0.000006	0.000106	0.000135	0.000001	0.000000	0.000008	0.000014	0.000032	0.000024	0.000025
66	N	O	0.999239	0.000000	0.000000	0.000000	0.000008	0.000087	0.000101	0.000084	0.000004	0.000139	0.000202	0.000001	0.000000	0.000011	0.000021	0.000034	0.000029	0.000036
67	L	O	0.999103	0.000000	0.000000	0.000000	0.000000	0.000083	0.000130	0.000055	0.000000	0.000178	0.000289	0.000000	0.000000	0.000015	0.000031	0.000028	0.000039	0.000047
68	R	O	0.998971	0.000000	0.000000	0.000000	0.000000	0.000061	0.000173	0.000000	0.000000	0.000161	0.000452	0.000000	0.000000	0.000022	0.000041	0.000000	0.000058	0.000056
69	K	O	0.998703	0.000000	0.000000	0.000000	0.000000	0.000000	0.000258	0.000000	0.000000	0.000000	0.000732	0.000000	0.000000	0.000000	0.000164	0.000000	0.000000	0.000136
70	E	O	0.999998	0.000000	0.000000	0.000000	0.000000	0.000000	0.000000	0.000000	0.000000	0.000000	0.000000	0.000000	0.000000	0.000000	0.000000	0.000000	0.000000	0.000000
