# Name=WP_011818329.1 MULTISPECIES: urea ABC transporter substrate-binding protein [Prochlorococcus]
# pos	aa	label	Other	Sec/SPI n	Sec/SPI h	Sec/SPI c	Sec/SPII n	Sec/SPII h	Sec/SPII cys	Tat/SPI n	Tat/SPI RR	Tat/SPI h	Tat/SPI c	Tat/SPII n	Tat/SPII RR	Tat/SPII h	Tat/SPII cys	Sec/SPIII P	Sec/SPIII cons.	Sec/SPIII h
1	M	N	0.000002	0.000007	0.000000	0.000000	0.999939	0.000000	0.000000	0.000001	0.000000	0.000000	0.000000	0.000089	0.000000	0.000000	0.000000	0.000000	0.000000	0.000000
2	R	N	0.000002	0.000007	0.000000	0.000000	0.993900	0.006042	0.000000	0.000000	0.000000	0.000000	0.000000	0.000052	0.000035	0.000001	0.000000	0.000000	0.000000	0.000000
3	I	H	0.000002	0.000005	0.000002	0.000000	0.631467	0.368472	0.000000	0.000001	0.000000	0.000000	0.000000	0.000069	0.000017	0.000003	0.000000	0.000000	0.000000	0.000000
4	S	H	0.000002	0.000004	0.000002	0.000000	0.538518	0.461422	0.000000	0.000001	0.000000	0.000000	0.000000	0.000072	0.000012	0.000005	0.000000	0.000000	0.000000	0.000000
5	R	H	0.000002	0.000004	0.000002	0.000001	0.471949	0.527980	0.000009	0.000000	0.000000	0.000000	0.000000	0.000021	0.000059	0.000009	0.000000	0.000000	0.000000	0.000000
6	R	H	0.000011	0.000003	0.000002	0.000001	0.344887	0.655026	0.000018	0.000000	0.000000	0.000000	0.000000	0.000031	0.000044	0.000013	0.000000	0.000000	0.000000	0.000000
7	I	H	0.000028	0.000001	0.000005	0.000000	0.041321	0.958591	0.000006	0.000000	0.000000	0.000000	0.000000	0.000052	0.000007	0.000029	0.000000	0.000000	0.000000	0.000000
8	L	H	0.000034	0.000000	0.000005	0.000000	0.005783	0.994126	0.000004	0.000000	0.000000	0.000000	0.000000	0.000016	0.000004	0.000069	0.000000	0.000000	0.000000	0.000000
9	A	H	0.000039	0.000000	0.000005	0.000000	0.001069	0.998839	0.000004	0.000000	0.000000	0.000000	0.000000	0.000007	0.000002	0.000080	0.000000	0.000000	0.000000	0.000000
10	G	H	0.000042	0.000000	0.000005	0.000000	0.000215	0.999688	0.000008	0.000000	0.000000	0.000000	0.000000	0.000003	0.000001	0.000085	0.000000	0.000000	0.000000	0.000000
11	L	H	0.000050	0.000000	0.000004	0.000000	0.000048	0.999843	0.000015	0.000000	0.000000	0.000000	0.000000	0.000002	0.000000	0.000087	0.000000	0.000000	0.000000	0.000000
12	A	H	0.000066	0.000000	0.000004	0.000000	0.000014	0.999856	0.000022	0.000000	0.000000	0.000000	0.000000	0.000001	0.000000	0.000088	0.000000	0.000000	0.000000	0.000000
13	T	H	0.000087	0.000000	0.000003	0.000001	0.000005	0.999818	0.000040	0.000000	0.000000	0.000000	0.000000	0.000001	0.000000	0.000088	0.000000	0.000000	0.000000	0.000000
14	A	H	0.000127	0.000000	0.000003	0.000001	0.000002	0.999756	0.000069	0.000000	0.000000	0.000000	0.000000	0.000000	0.000000	0.000088	0.000000	0.000000	0.000000	0.000000
15	S	H	0.000196	0.000000	0.000003	0.000000	0.000001	0.999675	0.000097	0.000000	0.000000	0.000000	0.000000	0.000000	0.000000	0.000088	0.000000	0.000000	0.000000	0.000000
16	L	H	0.000293	0.000000	0.000002	0.000000	0.000000	0.999464	0.000200	0.000000	0.000000	0.000000	0.000000	0.000000	0.000000	0.000088	0.000000	0.000000	0.000000	0.000000
17	A	H	0.000493	0.000000	0.000002	0.000000	0.000000	0.999357	0.000114	0.000000	0.000000	0.000000	0.000000	0.000000	0.000000	0.000088	0.000000	0.000000	0.000000	0.000000
18	V	H	0.000607	0.000000	0.000002	0.000000	0.000000	0.999145	0.000203	0.000000	0.000000	0.000000	0.000000	0.000000	0.000000	0.000088	0.000000	0.000000	0.000000	0.000000
19	T	H	0.000810	0.000000	0.000002	0.000000	0.000000	0.998827	0.000308	0.000000	0.000000	0.000000	0.000000	0.000000	0.000000	0.000087	0.000001	0.000000	0.000000	0.000000
20	A	H	0.001119	0.000000	0.000001	0.000000	0.000000	0.998282	0.000546	0.000000	0.000000	0.000000	0.000000	0.000000	0.000000	0.000086	0.000001	0.000000	0.000000	0.000000
21	T	H	0.001666	0.000000	0.000000	0.000001	0.000000	0.998022	0.000253	0.000000	0.000000	0.000000	0.000000	0.000000	0.000000	0.000083	0.000003	0.000000	0.000000	0.000000
22	S	H	0.001923	0.000000	0.000000	0.000001	0.000000	0.989650	0.008379	0.000000	0.000000	0.000000	0.000000	0.000000	0.000000	0.000072	0.000011	0.000000	0.000000	0.000000
23	C	c	0.010313	0.000000	0.000000	0.000001	0.000000	0.007197	0.982448	0.000000	0.000000	0.000000	0.000000	0.000000	0.000000	0.000009	0.000063	0.000000	0.000000	0.000000
24	G	O	0.992818	0.000000	0.000000	0.000001	0.000000	0.001430	0.005767	0.000000	0.000000	0.000000	0.000000	0.000000	0.000000	0.000003	0.000006	0.000000	0.000000	0.000000
25	G	O	0.998593	0.000000	0.000000	0.000000	0.000000	0.000272	0.001158	0.000000	0.000000	0.000000	0.000000	0.000000	0.000000	0.000001	0.000002	0.000000	0.000000	0.000000
26	G	O	0.999758	0.000000	0.000000	0.000000	0.000000	0.000049	0.000223	0.000000	0.000000	0.000000	0.000000	0.000000	0.000000	0.000000	0.000001	0.000000	0.000000	0.000000
27	G	O	0.999980	0.000000	0.000000	0.000000	0.000000	0.000010	0.000039	0.000000	0.000000	0.000000	0.000000	0.000000	0.000000	0.000000	0.000000	0.000000	0.000000	0.000000
28	T	O	1.000000	0.000000	0.000000	0.000000	0.000000	0.000002	0.000008	0.000000	0.000000	0.000000	0.000000	0.000000	0.000000	0.000000	0.000000	0.000000	0.000000	0.000000
29	S	O	1.000000	0.000000	0.000000	0.000000	0.000000	0.000001	0.000002	0.000000	0.000000	0.000000	0.000000	0.000000	0.000000	0.000000	0.000000	0.000000	0.000000	0.000000
30	G	O	1.000000	0.000000	0.000000	0.000000	0.000000	0.000000	0.000000	0.000000	0.000000	0.000000	0.000000	0.000000	0.000000	0.000000	0.000000	0.000000	0.000000	0.000000
31	S	O	1.000000	0.000000	0.000000	0.000000	0.000000	0.000000	0.000000	0.000000	0.000000	0.000000	0.000000	0.000000	0.000000	0.000000	0.000000	0.000000	0.000000	0.000000
32	F	O	1.000000	0.000000	0.000000	0.000000	0.000000	0.000000	0.000000	0.000000	0.000000	0.000000	0.000000	0.000000	0.000000	0.000000	0.000000	0.000000	0.000000	0.000000
33	D	O	1.000000	0.000000	0.000000	0.000000	0.000000	0.000000	0.000000	0.000000	0.000000	0.000000	0.000000	0.000000	0.000000	0.000000	0.000000	0.000000	0.000000	0.000000
34	D	O	1.000000	0.000000	0.000000	0.000000	0.000000	0.000000	0.000000	0.000000	0.000000	0.000000	0.000000	0.000000	0.000000	0.000000	0.000000	0.000000	0.000000	0.000000
35	T	O	1.000000	0.000000	0.000000	0.000000	0.000000	0.000000	0.000000	0.000000	0.000000	0.000000	0.000000	0.000000	0.000000	0.000000	0.000000	0.000000	0.000000	0.000000
36	V	O	1.000000	0.000000	0.000000	0.000000	0.000000	0.000000	0.000000	0.000000	0.000000	0.000000	0.000000	0.000000	0.000000	0.000000	0.000000	0.000000	0.000000	0.000000
37	T	O	1.000000	0.000000	0.000000	0.000000	0.000000	0.000000	0.000000	0.000000	0.000000	0.000000	0.000000	0.000000	0.000000	0.000000	0.000000	0.000000	0.000000	0.000000
38	V	O	1.000000	0.000000	0.000000	0.000000	0.000000	0.000000	0.000000	0.000000	0.000000	0.000000	0.000000	0.000000	0.000000	0.000000	0.000000	0.000000	0.000000	0.000000
39	G	O	1.000000	0.000000	0.000000	0.000000	0.000000	0.000000	0.000000	0.000000	0.000000	0.000000	0.000000	0.000000	0.000000	0.000000	0.000000	0.000000	0.000000	0.000000
40	I	O	1.000000	0.000000	0.000000	0.000000	0.000000	0.000000	0.000000	0.000000	0.000000	0.000000	0.000000	0.000000	0.000000	0.000000	0.000000	0.000000	0.000000	0.000000
41	L	O	1.000000	0.000000	0.000000	0.000000	0.000000	0.000000	0.000000	0.000000	0.000000	0.000000	0.000000	0.000000	0.000000	0.000000	0.000000	0.000000	0.000000	0.000000
42	H	O	1.000000	0.000000	0.000000	0.000000	0.000000	0.000000	0.000000	0.000000	0.000000	0.000000	0.000000	0.000000	0.000000	0.000000	0.000000	0.000000	0.000000	0.000000
43	S	O	1.000000	0.000000	0.000000	0.000000	0.000000	0.000000	0.000000	0.000000	0.000000	0.000000	0.000000	0.000000	0.000000	0.000000	0.000000	0.000000	0.000000	0.000000
44	L	O	1.000000	0.000000	0.000000	0.000000	0.000000	0.000000	0.000000	0.000000	0.000000	0.000000	0.000000	0.000000	0.000000	0.000000	0.000000	0.000000	0.000000	0.000000
45	S	O	1.000000	0.000000	0.000000	0.000000	0.000000	0.000000	0.000000	0.000000	0.000000	0.000000	0.000000	0.000000	0.000000	0.000000	0.000000	0.000000	0.000000	0.000000
46	G	O	1.000000	0.000000	0.000000	0.000000	0.000000	0.000000	0.000000	0.000000	0.000000	0.000000	0.000000	0.000000	0.000000	0.000000	0.000000	0.000000	0.000000	0.000000
47	T	O	1.000000	0.000000	0.000000	0.000000	0.000000	0.000000	0.000000	0.000000	0.000000	0.000000	0.000000	0.000000	0.000000	0.000000	0.000000	0.000000	0.000000	0.000000
48	M	O	1.000000	0.000000	0.000000	0.000000	0.000000	0.000000	0.000000	0.000000	0.000000	0.000000	0.000000	0.000000	0.000000	0.000000	0.000000	0.000000	0.000000	0.000000
49	A	O	1.000000	0.000000	0.000000	0.000000	0.000000	0.000000	0.000000	0.000000	0.000000	0.000000	0.000000	0.000000	0.000000	0.000000	0.000000	0.000000	0.000000	0.000000
50	I	O	1.000000	0.000000	0.000000	0.000000	0.000000	0.000000	0.000000	0.000000	0.000000	0.000000	0.000000	0.000000	0.000000	0.000000	0.000000	0.000000	0.000000	0.000000
51	S	O	1.000000	0.000000	0.000000	0.000000	0.000000	0.000000	0.000000	0.000000	0.000000	0.000000	0.000000	0.000000	0.000000	0.000000	0.000000	0.000000	0.000000	0.000000
52	E	O	1.000000	0.000000	0.000000	0.000000	0.000000	0.000000	0.000000	0.000000	0.000000	0.000000	0.000000	0.000000	0.000000	0.000000	0.000000	0.000000	0.000000	0.000000
53	S	O	1.000000	0.000000	0.000000	0.000000	0.000000	0.000000	0.000000	0.000000	0.000000	0.000000	0.000000	0.000000	0.000000	0.000000	0.000000	0.000000	0.000000	0.000000
54	T	O	1.000000	0.000000	0.000000	0.000000	0.000000	0.000000	0.000000	0.000000	0.000000	0.000000	0.000000	0.000000	0.000000	0.000000	0.000000	0.000000	0.000000	0.000000
55	L	O	1.000000	0.000000	0.000000	0.000000	0.000000	0.000000	0.000000	0.000000	0.000000	0.000000	0.000000	0.000000	0.000000	0.000000	0.000000	0.000000	0.000000	0.000000
56	V	O	1.000000	0.000000	0.000000	0.000000	0.000000	0.000000	0.000000	0.000000	0.000000	0.000000	0.000000	0.000000	0.000000	0.000000	0.000000	0.000000	0.000000	0.000000
57	D	O	1.000000	0.000000	0.000000	0.000000	0.000000	0.000000	0.000000	0.000000	0.000000	0.000000	0.000000	0.000000	0.000000	0.000000	0.000000	0.000000	0.000000	0.000000
58	T	O	1.000000	0.000000	0.000000	0.000000	0.000000	0.000000	0.000000	0.000000	0.000000	0.000000	0.000000	0.000000	0.000000	0.000000	0.000000	0.000000	0.000000	0.000000
59	E	O	1.000000	0.000000	0.000000	0.000000	0.000000	0.000000	0.000000	0.000000	0.000000	0.000000	0.000000	0.000000	0.000000	0.000000	0.000000	0.000000	0.000000	0.000000
60	K	O	1.000000	0.000000	0.000000	0.000000	0.000000	0.000000	0.000000	0.000000	0.000000	0.000000	0.000000	0.000000	0.000000	0.000000	0.000000	0.000000	0.000000	0.000000
61	M	O	1.000000	0.000000	0.000000	0.000000	0.000000	0.000000	0.000000	0.000000	0.000000	0.000000	0.000000	0.000000	0.000000	0.000000	0.000000	0.000000	0.000000	0.000000
62	A	O	1.000000	0.000000	0.000000	0.000000	0.000000	0.000000	0.000000	0.000000	0.000000	0.000000	0.000000	0.000000	0.000000	0.000000	0.000000	0.000000	0.000000	0.000000
63	I	O	1.000000	0.000000	0.000000	0.000000	0.000000	0.000000	0.000000	0.000000	0.000000	0.000000	0.000000	0.000000	0.000000	0.000000	0.000000	0.000000	0.000000	0.000000
64	E	O	1.000000	0.000000	0.000000	0.000000	0.000000	0.000000	0.000000	0.000000	0.000000	0.000000	0.000000	0.000000	0.000000	0.000000	0.000000	0.000000	0.000000	0.000000
65	E	O	1.000000	0.000000	0.000000	0.000000	0.000000	0.000000	0.000000	0.000000	0.000000	0.000000	0.000000	0.000000	0.000000	0.000000	0.000000	0.000000	0.000000	0.000000
66	I	O	1.000000	0.000000	0.000000	0.000000	0.000000	0.000000	0.000000	0.000000	0.000000	0.000000	0.000000	0.000000	0.000000	0.000000	0.000000	0.000000	0.000000	0.000000
67	N	O	1.000000	0.000000	0.000000	0.000000	0.000000	0.000000	0.000000	0.000000	0.000000	0.000000	0.000000	0.000000	0.000000	0.000000	0.000000	0.000000	0.000000	0.000000
68	A	O	1.000000	0.000000	0.000000	0.000000	0.000000	0.000000	0.000000	0.000000	0.000000	0.000000	0.000000	0.000000	0.000000	0.000000	0.000000	0.000000	0.000000	0.000000
69	A	O	0.999992	0.000000	0.000000	0.000000	0.000000	0.000000	0.000000	0.000000	0.000000	0.000000	0.000000	0.000000	0.000000	0.000000	0.000000	0.000000	0.000000	0.000000
70	G	O	0.999996	0.000000	0.000000	0.000000	0.000000	0.000000	0.000000	0.000000	0.000000	0.000000	0.000000	0.000000	0.000000	0.000000	0.000000	0.000000	0.000000	0.000000
