# Name=WP_011818567.1 metal ABC transporter substrate-binding protein [Prochlorococcus marinus]
# pos	aa	label	Other	Sec/SPI n	Sec/SPI h	Sec/SPI c	Sec/SPII n	Sec/SPII h	Sec/SPII cys	Tat/SPI n	Tat/SPI RR	Tat/SPI h	Tat/SPI c	Tat/SPII n	Tat/SPII RR	Tat/SPII h	Tat/SPII cys	Sec/SPIII P	Sec/SPIII cons.	Sec/SPIII h
1	M	N	0.009644	0.989889	0.000000	0.000000	0.000267	0.000000	0.000000	0.000165	0.000000	0.000000	0.000000	0.000001	0.000000	0.000000	0.000000	0.000000	0.000000	0.000000
2	S	N	0.009644	0.966118	0.023772	0.000000	0.000220	0.000048	0.000000	0.000149	0.000015	0.000000	0.000000	0.000001	0.000000	0.000000	0.000000	0.000000	0.000000	0.000000
3	I	N	0.009644	0.917603	0.072250	0.000042	0.000143	0.000125	0.000000	0.000137	0.000027	0.000001	0.000000	0.000001	0.000000	0.000000	0.000000	0.000000	0.000000	0.000000
4	F	N	0.009656	0.899450	0.090217	0.000215	0.000113	0.000153	0.000001	0.000142	0.000022	0.000001	0.000000	0.000001	0.000000	0.000000	0.000000	0.000000	0.000000	0.000000
5	K	N	0.009719	0.887927	0.101502	0.000398	0.000097	0.000164	0.000005	0.000134	0.000029	0.000001	0.000000	0.000001	0.000000	0.000000	0.000000	0.000000	0.000000	0.000000
6	R	N	0.009849	0.877201	0.112014	0.000487	0.000083	0.000170	0.000008	0.000135	0.000028	0.000002	0.000000	0.000001	0.000000	0.000000	0.000000	0.000000	0.000000	0.000000
7	I	N	0.010016	0.868152	0.120876	0.000514	0.000070	0.000173	0.000009	0.000139	0.000024	0.000002	0.000000	0.000001	0.000000	0.000000	0.000000	0.000000	0.000000	0.000000
8	F	N	0.010176	0.862686	0.126120	0.000588	0.000064	0.000170	0.000010	0.000138	0.000024	0.000003	0.000000	0.000001	0.000000	0.000000	0.000000	0.000000	0.000000	0.000000
9	S	N	0.010338	0.858143	0.130419	0.000677	0.000059	0.000164	0.000011	0.000141	0.000021	0.000003	0.000000	0.000001	0.000000	0.000000	0.000000	0.000000	0.000000	0.000000
10	S	N	0.010534	0.853774	0.134593	0.000686	0.000056	0.000153	0.000014	0.000139	0.000022	0.000004	0.000000	0.000001	0.000000	0.000000	0.000000	0.000000	0.000000	0.000000
11	Y	N	0.010738	0.849758	0.138442	0.000664	0.000053	0.000140	0.000016	0.000139	0.000021	0.000004	0.000000	0.000001	0.000000	0.000000	0.000000	0.000000	0.000000	0.000000
12	I	N	0.010918	0.845722	0.142311	0.000663	0.000050	0.000129	0.000014	0.000139	0.000020	0.000005	0.000000	0.000001	0.000000	0.000000	0.000000	0.000000	0.000000	0.000000
13	S	N	0.011077	0.841995	0.145870	0.000686	0.000048	0.000120	0.000011	0.000140	0.000018	0.000007	0.000000	0.000001	0.000000	0.000000	0.000000	0.000000	0.000000	0.000000
14	H	N	0.011247	0.837829	0.149904	0.000652	0.000047	0.000112	0.000011	0.000132	0.000024	0.000009	0.000000	0.000001	0.000000	0.000000	0.000000	0.000000	0.000000	0.000000
15	K	N	0.011420	0.832414	0.155237	0.000574	0.000045	0.000105	0.000009	0.000126	0.000027	0.000012	0.000000	0.000001	0.000000	0.000000	0.000000	0.000000	0.000000	0.000000
16	K	N	0.011577	0.823626	0.163969	0.000478	0.000042	0.000095	0.000012	0.000097	0.000052	0.000016	0.000000	0.000001	0.000000	0.000000	0.000000	0.000000	0.000000	0.000000
17	V	N	0.011735	0.786594	0.200984	0.000348	0.000035	0.000093	0.000009	0.000114	0.000028	0.000022	0.000000	0.000001	0.000000	0.000000	0.000000	0.000000	0.000000	0.000000
18	S	N	0.011844	0.745039	0.242520	0.000267	0.000030	0.000094	0.000004	0.000113	0.000019	0.000033	0.000000	0.000001	0.000000	0.000000	0.000000	0.000000	0.000000	0.000000
19	I	N	0.011943	0.669190	0.318359	0.000182	0.000023	0.000095	0.000006	0.000077	0.000037	0.000051	0.000000	0.000001	0.000000	0.000000	0.000000	0.000000	0.000000	0.000000
20	R	N	0.012004	0.603673	0.383856	0.000143	0.000019	0.000094	0.000005	0.000050	0.000050	0.000065	0.000000	0.000001	0.000000	0.000000	0.000000	0.000000	0.000000	0.000000
21	N	N	0.012061	0.436401	0.551120	0.000099	0.000012	0.000098	0.000004	0.000067	0.000016	0.000081	0.000000	0.000001	0.000000	0.000001	0.000000	0.000000	0.000000	0.000000
22	S	H	0.012118	0.084028	0.903487	0.000049	0.000003	0.000104	0.000002	0.000038	0.000008	0.000119	0.000000	0.000000	0.000000	0.000001	0.000000	0.000000	0.000000	0.000000
23	L	H	0.012144	0.015331	0.972181	0.000033	0.000001	0.000105	0.000002	0.000020	0.000006	0.000139	0.000000	0.000000	0.000000	0.000001	0.000000	0.000000	0.000000	0.000000
24	I	H	0.012157	0.004198	0.983280	0.000051	0.000000	0.000104	0.000002	0.000014	0.000004	0.000148	0.000000	0.000000	0.000000	0.000001	0.000000	0.000000	0.000000	0.000000
25	A	H	0.012169	0.001800	0.985601	0.000118	0.000000	0.000101	0.000003	0.000010	0.000002	0.000152	0.000000	0.000000	0.000000	0.000001	0.000000	0.000000	0.000000	0.000000
26	S	H	0.012191	0.000868	0.986391	0.000244	0.000000	0.000096	0.000005	0.000008	0.000002	0.000156	0.000000	0.000000	0.000000	0.000001	0.000000	0.000000	0.000000	0.000000
27	A	H	0.012228	0.000370	0.986685	0.000415	0.000000	0.000090	0.000006	0.000005	0.000001	0.000158	0.000000	0.000000	0.000000	0.000001	0.000000	0.000000	0.000000	0.000000
28	A	H	0.012261	0.000155	0.986376	0.000911	0.000000	0.000083	0.000007	0.000004	0.000001	0.000160	0.000001	0.000000	0.000000	0.000001	0.000000	0.000000	0.000000	0.000000
29	L	H	0.012293	0.000058	0.985022	0.002333	0.000000	0.000076	0.000007	0.000003	0.000001	0.000161	0.000001	0.000000	0.000000	0.000001	0.000000	0.000000	0.000000	0.000000
30	F	H	0.012321	0.000022	0.979761	0.007616	0.000000	0.000067	0.000008	0.000002	0.000000	0.000160	0.000003	0.000000	0.000000	0.000001	0.000000	0.000000	0.000000	0.000000
31	S	H	0.012351	0.000009	0.959572	0.027788	0.000000	0.000059	0.000008	0.000001	0.000000	0.000156	0.000007	0.000000	0.000000	0.000001	0.000000	0.000000	0.000000	0.000000
32	I	H	0.012390	0.000003	0.904294	0.083039	0.000000	0.000047	0.000012	0.000001	0.000000	0.000148	0.000017	0.000000	0.000000	0.000001	0.000000	0.000000	0.000000	0.000000
33	N	C	0.012422	0.000001	0.601342	0.385976	0.000000	0.000039	0.000008	0.000001	0.000000	0.000120	0.000045	0.000000	0.000000	0.000000	0.000000	0.000000	0.000000	0.000000
34	T	C	0.012500	0.000000	0.346071	0.641181	0.000000	0.000028	0.000011	0.000000	0.000000	0.000084	0.000081	0.000000	0.000000	0.000000	0.000000	0.000000	0.000000	0.000000
35	N	C	0.012592	0.000000	0.053524	0.933647	0.000000	0.000020	0.000008	0.000000	0.000000	0.000037	0.000128	0.000000	0.000000	0.000000	0.000000	0.000000	0.000000	0.000000
36	G	C	0.012908	0.000000	0.008600	0.978267	0.000000	0.000013	0.000007	0.000000	0.000000	0.000015	0.000150	0.000000	0.000000	0.000000	0.000000	0.000000	0.000000	0.000000
37	A	C	0.014031	0.000000	0.000630	0.985120	0.000000	0.000008	0.000005	0.000000	0.000000	0.000003	0.000159	0.000000	0.000000	0.000000	0.000000	0.000000	0.000000	0.000000
38	F	C	0.021860	0.000000	0.000069	0.977864	0.000000	0.000004	0.000004	0.000000	0.000000	0.000001	0.000156	0.000000	0.000000	0.000000	0.000000	0.000000	0.000000	0.000000
39	A	C	0.063009	0.000000	0.000001	0.936801	0.000000	0.000001	0.000003	0.000000	0.000000	0.000000	0.000139	0.000000	0.000000	0.000000	0.000000	0.000000	0.000000	0.000000
40	E	O	0.972450	0.000000	0.000001	0.027491	0.000000	0.000000	0.000001	0.000000	0.000000	0.000000	0.000018	0.000000	0.000000	0.000000	0.000000	0.000000	0.000000	0.000000
41	S	O	0.990451	0.000000	0.000001	0.009503	0.000000	0.000000	0.000000	0.000000	0.000000	0.000000	0.000005	0.000000	0.000000	0.000000	0.000000	0.000000	0.000000	0.000000
42	K	O	0.996281	0.000000	0.000000	0.003676	0.000000	0.000000	0.000000	0.000000	0.000000	0.000000	0.000002	0.000000	0.000000	0.000000	0.000000	0.000000	0.000000	0.000000
43	N	O	0.998423	0.000000	0.000000	0.001544	0.000000	0.000000	0.000000	0.000000	0.000000	0.000000	0.000001	0.000000	0.000000	0.000000	0.000000	0.000000	0.000000	0.000000
44	Y	O	0.999195	0.000000	0.000000	0.000774	0.000000	0.000000	0.000000	0.000000	0.000000	0.000000	0.000000	0.000000	0.000000	0.000000	0.000000	0.000000	0.000000	0.000000
45	V	O	0.999558	0.000000	0.000000	0.000410	0.000000	0.000000	0.000000	0.000000	0.000000	0.000000	0.000000	0.000000	0.000000	0.000000	0.000000	0.000000	0.000000	0.000000
46	A	O	0.999752	0.000000	0.000000	0.000214	0.000000	0.000000	0.000000	0.000000	0.000000	0.000000	0.000000	0.000000	0.000000	0.000000	0.000000	0.000000	0.000000	0.000000
47	V	O	0.999858	0.000000	0.000000	0.000112	0.000000	0.000000	0.000000	0.000000	0.000000	0.000000	0.000001	0.000000	0.000000	0.000000	0.000000	0.000000	0.000000	0.000000
48	E	O	0.999911	0.000000	0.000000	0.000061	0.000000	0.000000	0.000000	0.000000	0.000000	0.000000	0.000001	0.000000	0.000000	0.000000	0.000000	0.000000	0.000000	0.000000
49	P	O	0.999935	0.000000	0.000000	0.000033	0.000000	0.000000	0.000000	0.000001	0.000000	0.000001	0.000001	0.000000	0.000000	0.000000	0.000000	0.000000	0.000000	0.000000
50	L	O	0.999953	0.000000	0.000000	0.000018	0.000000	0.000000	0.000000	0.000001	0.000000	0.000001	0.000001	0.000000	0.000000	0.000000	0.000000	0.000000	0.000000	0.000000
51	T	O	0.999959	0.000000	0.000000	0.000010	0.000000	0.000001	0.000001	0.000001	0.000000	0.000001	0.000002	0.000000	0.000000	0.000000	0.000000	0.000000	0.000000	0.000000
52	C	O	0.999965	0.000000	0.000000	0.000006	0.000000	0.000001	0.000001	0.000001	0.000000	0.000001	0.000003	0.000000	0.000000	0.000000	0.000000	0.000000	0.000000	0.000000
53	D	O	0.999963	0.000000	0.000000	0.000004	0.000000	0.000001	0.000001	0.000002	0.000000	0.000002	0.000003	0.000000	0.000000	0.000000	0.000000	0.000000	0.000000	0.000000
54	I	O	0.999961	0.000000	0.000000	0.000002	0.000000	0.000001	0.000001	0.000002	0.000000	0.000002	0.000004	0.000000	0.000000	0.000000	0.000000	0.000000	0.000000	0.000000
55	V	O	0.999960	0.000000	0.000000	0.000001	0.000000	0.000001	0.000001	0.000003	0.000000	0.000003	0.000006	0.000000	0.000000	0.000000	0.000000	0.000000	0.000000	0.000000
56	K	O	0.999963	0.000000	0.000000	0.000001	0.000000	0.000001	0.000002	0.000003	0.000000	0.000004	0.000008	0.000000	0.000000	0.000000	0.000000	0.000000	0.000000	0.000000
57	S	O	0.999950	0.000000	0.000000	0.000000	0.000001	0.000002	0.000002	0.000004	0.000000	0.000004	0.000010	0.000000	0.000000	0.000000	0.000000	0.000000	0.000000	0.000000
58	I	O	0.999951	0.000000	0.000000	0.000000	0.000001	0.000002	0.000002	0.000005	0.000000	0.000006	0.000013	0.000000	0.000000	0.000000	0.000000	0.000001	0.000000	0.000000
59	A	O	0.999943	0.000000	0.000000	0.000000	0.000001	0.000002	0.000003	0.000007	0.000001	0.000007	0.000016	0.000000	0.000000	0.000000	0.000001	0.000001	0.000000	0.000000
60	L	O	0.999935	0.000000	0.000000	0.000000	0.000001	0.000003	0.000004	0.000008	0.000001	0.000009	0.000019	0.000000	0.000000	0.000000	0.000001	0.000001	0.000001	0.000001
61	P	O	0.999925	0.000000	0.000000	0.000000	0.000001	0.000003	0.000005	0.000011	0.000001	0.000011	0.000026	0.000000	0.000000	0.000000	0.000001	0.000002	0.000001	0.000001
62	S	O	0.999909	0.000000	0.000000	0.000000	0.000001	0.000004	0.000006	0.000015	0.000001	0.000015	0.000033	0.000000	0.000000	0.000001	0.000001	0.000002	0.000001	0.000001
63	D	O	0.999872	0.000000	0.000000	0.000000	0.000002	0.000005	0.000007	0.000020	0.000002	0.000022	0.000045	0.000000	0.000000	0.000001	0.000002	0.000004	0.000002	0.000002
64	E	O	0.999840	0.000000	0.000000	0.000000	0.000002	0.000006	0.000009	0.000026	0.000002	0.000030	0.000061	0.000000	0.000000	0.000001	0.000003	0.000005	0.000003	0.000003
65	V	O	0.999791	0.000000	0.000000	0.000000	0.000002	0.000009	0.000011	0.000031	0.000002	0.000046	0.000083	0.000000	0.000000	0.000002	0.000005	0.000007	0.000004	0.000004
66	I	O	0.999718	0.000000	0.000000	0.000000	0.000001	0.000012	0.000014	0.000027	0.000001	0.000065	0.000122	0.000000	0.000000	0.000004	0.000008	0.000008	0.000007	0.000007
67	C	O	0.999619	0.000000	0.000000	0.000000	0.000000	0.000014	0.000025	0.000019	0.000000	0.000067	0.000201	0.000000	0.000000	0.000006	0.000015	0.000009	0.000011	0.000012
68	L	O	0.999630	0.000000	0.000000	0.000000	0.000000	0.000012	0.000027	0.000000	0.000000	0.000054	0.000218	0.000000	0.000000	0.000008	0.000018	0.000000	0.000019	0.000016
69	V	O	0.999576	0.000000	0.000000	0.000000	0.000000	0.000000	0.000068	0.000000	0.000000	0.000000	0.000245	0.000000	0.000000	0.000000	0.000067	0.000000	0.000000	0.000050
70	D	O	1.000000	0.000000	0.000000	0.000000	0.000000	0.000000	0.000000	0.000000	0.000000	0.000000	0.000000	0.000000	0.000000	0.000000	0.000000	0.000000	0.000000	0.000000
