# Name=WP_011818953.1 BamA/TamA family outer membrane protein [Prochlorococcus marinus]
# pos	aa	label	Other	Sec/SPI n	Sec/SPI h	Sec/SPI c	Sec/SPII n	Sec/SPII h	Sec/SPII cys	Tat/SPI n	Tat/SPI RR	Tat/SPI h	Tat/SPI c	Tat/SPII n	Tat/SPII RR	Tat/SPII h	Tat/SPII cys	Sec/SPIII P	Sec/SPIII cons.	Sec/SPIII h
1	M	O	0.983936	0.014552	0.000000	0.000000	0.001564	0.000000	0.000000	0.000000	0.000000	0.000000	0.000000	0.000000	0.000000	0.000000	0.000000	0.000001	0.000000	0.000000
2	Q	O	0.983935	0.013605	0.000947	0.000000	0.001505	0.000059	0.000000	0.000000	0.000000	0.000000	0.000000	0.000000	0.000000	0.000000	0.000000	0.000001	0.000000	0.000000
3	K	O	0.983935	0.011767	0.002775	0.000010	0.001391	0.000172	0.000000	0.000000	0.000000	0.000000	0.000000	0.000000	0.000000	0.000000	0.000000	0.000001	0.000000	0.000000
4	H	O	0.983931	0.009817	0.004700	0.000033	0.001204	0.000354	0.000005	0.000000	0.000000	0.000000	0.000000	0.000000	0.000000	0.000000	0.000000	0.000001	0.000000	0.000000
5	F	O	0.983952	0.008528	0.005942	0.000074	0.001027	0.000522	0.000009	0.000000	0.000000	0.000000	0.000000	0.000000	0.000000	0.000000	0.000000	0.000001	0.000000	0.000000
6	L	O	0.983969	0.007682	0.006718	0.000130	0.000903	0.000632	0.000014	0.000000	0.000000	0.000000	0.000000	0.000000	0.000000	0.000000	0.000000	0.000001	0.000000	0.000000
7	K	O	0.984002	0.007017	0.007285	0.000207	0.000801	0.000708	0.000027	0.000000	0.000000	0.000000	0.000000	0.000000	0.000000	0.000000	0.000000	0.000001	0.000000	0.000000
8	F	O	0.984069	0.006285	0.007934	0.000251	0.000669	0.000801	0.000038	0.000000	0.000000	0.000000	0.000000	0.000000	0.000000	0.000000	0.000000	0.000001	0.000000	0.000000
9	G	O	0.984152	0.005676	0.008452	0.000296	0.000559	0.000878	0.000033	0.000000	0.000000	0.000000	0.000000	0.000000	0.000000	0.000000	0.000000	0.000001	0.000000	0.000000
10	K	O	0.984243	0.004954	0.009099	0.000313	0.000456	0.000944	0.000038	0.000000	0.000000	0.000000	0.000000	0.000000	0.000000	0.000000	0.000000	0.000000	0.000000	0.000000
11	V	O	0.984337	0.004022	0.009967	0.000316	0.000320	0.001052	0.000028	0.000000	0.000000	0.000000	0.000000	0.000000	0.000000	0.000000	0.000000	0.000000	0.000000	0.000000
12	F	O	0.984417	0.003305	0.010595	0.000355	0.000215	0.001138	0.000019	0.000000	0.000000	0.000000	0.000000	0.000000	0.000000	0.000000	0.000000	0.000000	0.000000	0.000000
13	T	O	0.984478	0.002719	0.011053	0.000444	0.000142	0.001191	0.000020	0.000000	0.000000	0.000000	0.000000	0.000000	0.000000	0.000000	0.000000	0.000000	0.000000	0.000000
14	N	O	0.984531	0.002241	0.011353	0.000586	0.000090	0.001214	0.000028	0.000000	0.000000	0.000000	0.000000	0.000000	0.000000	0.000000	0.000000	0.000000	0.000000	0.000000
15	V	O	0.984609	0.001843	0.011558	0.000732	0.000062	0.001201	0.000042	0.000000	0.000000	0.000000	0.000000	0.000000	0.000000	0.000000	0.000000	0.000000	0.000000	0.000000
16	A	O	0.984715	0.001474	0.011756	0.000839	0.000044	0.001047	0.000172	0.000000	0.000000	0.000000	0.000000	0.000000	0.000000	0.000000	0.000000	0.000000	0.000000	0.000000
17	C	O	0.984967	0.001125	0.011938	0.000922	0.000027	0.000659	0.000404	0.000000	0.000000	0.000000	0.000000	0.000000	0.000000	0.000000	0.000000	0.000000	0.000000	0.000000
18	S	O	0.985455	0.000798	0.012057	0.001051	0.000017	0.000566	0.000104	0.000000	0.000000	0.000000	0.000000	0.000000	0.000000	0.000000	0.000000	0.000000	0.000000	0.000000
19	P	O	0.985631	0.000512	0.012107	0.001209	0.000010	0.000498	0.000075	0.000000	0.000000	0.000000	0.000000	0.000000	0.000000	0.000000	0.000000	0.000000	0.000000	0.000000
20	L	O	0.985791	0.000286	0.012062	0.001399	0.000005	0.000458	0.000045	0.000000	0.000000	0.000000	0.000000	0.000000	0.000000	0.000000	0.000000	0.000000	0.000000	0.000000
21	I	O	0.985887	0.000157	0.011642	0.001893	0.000002	0.000421	0.000040	0.000000	0.000000	0.000000	0.000000	0.000000	0.000000	0.000000	0.000000	0.000000	0.000000	0.000000
22	L	O	0.985987	0.000087	0.010804	0.002744	0.000001	0.000372	0.000050	0.000000	0.000000	0.000000	0.000000	0.000000	0.000000	0.000000	0.000000	0.000000	0.000000	0.000000
23	I	O	0.986097	0.000050	0.009393	0.004126	0.000001	0.000289	0.000084	0.000000	0.000000	0.000000	0.000000	0.000000	0.000000	0.000000	0.000000	0.000000	0.000000	0.000000
24	S	O	0.986259	0.000033	0.006990	0.006468	0.000000	0.000201	0.000089	0.000000	0.000000	0.000000	0.000000	0.000000	0.000000	0.000000	0.000000	0.000000	0.000000	0.000000
25	N	O	0.986459	0.000023	0.004464	0.008892	0.000000	0.000134	0.000067	0.000000	0.000000	0.000000	0.000000	0.000000	0.000000	0.000000	0.000000	0.000000	0.000000	0.000000
26	N	O	0.986660	0.000016	0.002506	0.010724	0.000000	0.000082	0.000052	0.000000	0.000000	0.000000	0.000000	0.000000	0.000000	0.000000	0.000000	0.000000	0.000000	0.000000
27	S	O	0.986886	0.000010	0.001373	0.011685	0.000000	0.000051	0.000031	0.000000	0.000000	0.000000	0.000000	0.000000	0.000000	0.000000	0.000000	0.000000	0.000000	0.000000
28	E	O	0.987179	0.000007	0.000664	0.012137	0.000000	0.000033	0.000018	0.000000	0.000000	0.000000	0.000000	0.000000	0.000000	0.000000	0.000000	0.000000	0.000000	0.000000
29	L	O	0.987600	0.000005	0.000263	0.012140	0.000000	0.000020	0.000013	0.000000	0.000000	0.000000	0.000000	0.000000	0.000000	0.000000	0.000000	0.000000	0.000000	0.000000
30	A	O	0.988477	0.000005	0.000087	0.011451	0.000000	0.000010	0.000010	0.000000	0.000000	0.000000	0.000000	0.000000	0.000000	0.000000	0.000000	0.000000	0.000000	0.000000
31	A	O	0.992382	0.000004	0.000061	0.007579	0.000000	0.000004	0.000006	0.000000	0.000000	0.000000	0.000000	0.000000	0.000000	0.000000	0.000000	0.000000	0.000000	0.000000
32	K	O	0.994953	0.000003	0.000045	0.005034	0.000000	0.000002	0.000002	0.000000	0.000000	0.000000	0.000000	0.000000	0.000000	0.000000	0.000000	0.000000	0.000000	0.000000
33	F	O	0.996653	0.000002	0.000034	0.003349	0.000000	0.000001	0.000001	0.000000	0.000000	0.000000	0.000000	0.000000	0.000000	0.000000	0.000000	0.000000	0.000000	0.000000
34	L	O	0.997647	0.000002	0.000025	0.002367	0.000000	0.000001	0.000000	0.000000	0.000000	0.000000	0.000000	0.000000	0.000000	0.000000	0.000000	0.000000	0.000000	0.000000
35	P	O	0.998204	0.000002	0.000018	0.001812	0.000000	0.000000	0.000000	0.000000	0.000000	0.000000	0.000000	0.000000	0.000000	0.000000	0.000000	0.000000	0.000000	0.000000
36	N	O	0.998598	0.000001	0.000013	0.001423	0.000000	0.000000	0.000000	0.000000	0.000000	0.000000	0.000000	0.000000	0.000000	0.000000	0.000000	0.000000	0.000000	0.000000
37	D	O	0.998873	0.000001	0.000009	0.001152	0.000000	0.000000	0.000000	0.000000	0.000000	0.000000	0.000000	0.000000	0.000000	0.000000	0.000000	0.000000	0.000000	0.000000
38	V	O	0.999083	0.000001	0.000006	0.000940	0.000000	0.000000	0.000000	0.000000	0.000000	0.000000	0.000000	0.000000	0.000000	0.000000	0.000000	0.000000	0.000000	0.000000
39	D	O	0.999256	0.000001	0.000004	0.000777	0.000000	0.000000	0.000000	0.000000	0.000000	0.000000	0.000000	0.000000	0.000000	0.000000	0.000000	0.000000	0.000000	0.000000
40	Q	O	0.999404	0.000000	0.000003	0.000630	0.000000	0.000000	0.000000	0.000000	0.000000	0.000000	0.000000	0.000000	0.000000	0.000000	0.000000	0.000000	0.000000	0.000000
41	S	O	0.999541	0.000000	0.000002	0.000495	0.000000	0.000000	0.000000	0.000000	0.000000	0.000000	0.000000	0.000000	0.000000	0.000000	0.000000	0.000000	0.000000	0.000000
42	I	O	0.999652	0.000000	0.000002	0.000384	0.000000	0.000000	0.000000	0.000000	0.000000	0.000000	0.000000	0.000000	0.000000	0.000000	0.000000	0.000000	0.000000	0.000000
43	K	O	0.999729	0.000000	0.000001	0.000306	0.000000	0.000000	0.000000	0.000000	0.000000	0.000000	0.000000	0.000000	0.000000	0.000000	0.000000	0.000000	0.000000	0.000000
44	T	O	0.999795	0.000000	0.000001	0.000241	0.000000	0.000000	0.000000	0.000000	0.000000	0.000000	0.000000	0.000000	0.000000	0.000000	0.000000	0.000000	0.000000	0.000000
45	L	O	0.999842	0.000000	0.000001	0.000190	0.000000	0.000000	0.000000	0.000000	0.000000	0.000000	0.000000	0.000000	0.000000	0.000000	0.000000	0.000000	0.000000	0.000000
46	D	O	0.999880	0.000000	0.000000	0.000151	0.000000	0.000001	0.000000	0.000000	0.000000	0.000000	0.000000	0.000000	0.000000	0.000000	0.000000	0.000000	0.000000	0.000000
47	I	O	0.999913	0.000000	0.000000	0.000116	0.000000	0.000001	0.000000	0.000000	0.000000	0.000000	0.000000	0.000000	0.000000	0.000000	0.000000	0.000000	0.000000	0.000000
48	Q	O	0.999935	0.000000	0.000000	0.000089	0.000000	0.000001	0.000000	0.000000	0.000000	0.000000	0.000000	0.000000	0.000000	0.000000	0.000000	0.000000	0.000000	0.000000
49	N	O	0.999959	0.000000	0.000000	0.000069	0.000000	0.000001	0.000001	0.000000	0.000000	0.000000	0.000000	0.000000	0.000000	0.000000	0.000000	0.000000	0.000000	0.000000
50	I	O	0.999975	0.000000	0.000000	0.000052	0.000000	0.000001	0.000001	0.000000	0.000000	0.000000	0.000000	0.000000	0.000000	0.000000	0.000000	0.000000	0.000000	0.000000
51	N	O	0.999981	0.000000	0.000000	0.000040	0.000001	0.000001	0.000001	0.000000	0.000000	0.000000	0.000000	0.000000	0.000000	0.000000	0.000000	0.000000	0.000000	0.000000
52	N	O	0.999992	0.000000	0.000000	0.000031	0.000001	0.000001	0.000001	0.000000	0.000000	0.000000	0.000000	0.000000	0.000000	0.000000	0.000000	0.000000	0.000000	0.000000
53	G	O	1.000000	0.000000	0.000000	0.000023	0.000001	0.000001	0.000001	0.000000	0.000000	0.000000	0.000000	0.000000	0.000000	0.000000	0.000000	0.000001	0.000000	0.000000
54	L	O	1.000000	0.000000	0.000000	0.000017	0.000001	0.000002	0.000001	0.000000	0.000000	0.000000	0.000000	0.000000	0.000000	0.000000	0.000000	0.000001	0.000000	0.000000
55	F	O	1.000000	0.000000	0.000000	0.000013	0.000001	0.000002	0.000001	0.000001	0.000000	0.000000	0.000000	0.000000	0.000000	0.000000	0.000000	0.000001	0.000000	0.000000
56	Q	O	1.000000	0.000000	0.000000	0.000009	0.000001	0.000002	0.000002	0.000001	0.000000	0.000000	0.000001	0.000000	0.000000	0.000000	0.000000	0.000001	0.000000	0.000000
57	G	O	1.000000	0.000000	0.000000	0.000006	0.000001	0.000002	0.000002	0.000001	0.000000	0.000001	0.000001	0.000000	0.000000	0.000000	0.000000	0.000001	0.000001	0.000001
58	I	O	1.000000	0.000000	0.000000	0.000004	0.000001	0.000002	0.000002	0.000001	0.000000	0.000001	0.000001	0.000000	0.000000	0.000000	0.000000	0.000001	0.000001	0.000001
59	D	O	1.000000	0.000000	0.000000	0.000003	0.000001	0.000002	0.000002	0.000002	0.000000	0.000001	0.000002	0.000000	0.000000	0.000000	0.000000	0.000002	0.000001	0.000001
60	T	O	1.000000	0.000000	0.000000	0.000002	0.000001	0.000003	0.000002	0.000002	0.000000	0.000002	0.000002	0.000000	0.000000	0.000000	0.000000	0.000003	0.000001	0.000001
61	K	O	1.000000	0.000000	0.000000	0.000001	0.000002	0.000003	0.000003	0.000003	0.000000	0.000002	0.000003	0.000000	0.000000	0.000000	0.000000	0.000003	0.000001	0.000001
62	Q	O	1.000000	0.000000	0.000000	0.000001	0.000002	0.000003	0.000003	0.000004	0.000001	0.000003	0.000004	0.000000	0.000000	0.000000	0.000000	0.000004	0.000002	0.000002
63	E	O	0.999986	0.000000	0.000000	0.000000	0.000002	0.000004	0.000003	0.000005	0.000001	0.000004	0.000005	0.000000	0.000000	0.000000	0.000001	0.000006	0.000002	0.000002
64	K	O	0.999972	0.000000	0.000000	0.000000	0.000002	0.000005	0.000004	0.000007	0.000001	0.000007	0.000008	0.000000	0.000000	0.000001	0.000001	0.000007	0.000003	0.000003
65	N	O	0.999950	0.000000	0.000000	0.000000	0.000002	0.000006	0.000005	0.000009	0.000001	0.000011	0.000012	0.000000	0.000000	0.000001	0.000002	0.000009	0.000005	0.000004
66	F	O	0.999932	0.000000	0.000000	0.000000	0.000001	0.000007	0.000006	0.000009	0.000000	0.000016	0.000020	0.000000	0.000000	0.000002	0.000003	0.000009	0.000007	0.000006
67	L	O	0.999908	0.000000	0.000000	0.000000	0.000000	0.000007	0.000008	0.000005	0.000000	0.000021	0.000031	0.000000	0.000000	0.000003	0.000004	0.000006	0.000010	0.000009
68	L	O	0.999903	0.000000	0.000000	0.000000	0.000000	0.000005	0.000011	0.000000	0.000000	0.000018	0.000046	0.000000	0.000000	0.000003	0.000006	0.000000	0.000012	0.000013
69	A	O	0.999899	0.000000	0.000000	0.000000	0.000000	0.000000	0.000014	0.000000	0.000000	0.000000	0.000058	0.000000	0.000000	0.000000	0.000015	0.000000	0.000000	0.000022
70	E	O	1.000000	0.000000	0.000000	0.000000	0.000000	0.000000	0.000000	0.000000	0.000000	0.000000	0.000000	0.000000	0.000000	0.000000	0.000000	0.000000	0.000000	0.000000
